Node name	K-shell	R-shell	K-Coreness	Hierarchical closeness	Closeness	Betweeness	Page rank in	Total degree	Katz	Page rank out	Epidemic SIR	Rumor spreading	Taxi passenger ranking	UW_ModuleID	Robustness	Sum Outside Loyality	Average Outside Loyality
hsa:7015	1	2	1	2.00602409638554	0.00602409638554217	0	0.7	1	0.07681698	0.9999421	0.006946108	0.01197605	167	11	0	-58.1270514356212	-0.35016296045555
hsa:7012	1	2	1	2.00602409638554	0.00602409638554217	0	0.7	1	0.07681698	0.9999421	0.007005988	0.01197605	167	11	0	-58.1270514356212	-0.35016296045555
hsa:3082	1	6	12	22.0341365461847	0.034136546184739	0	0.7	1	0.07681698	0.676484	0.008323354	0.01814371	92.25174	2	0	-54.3787636312891	-0.3275829134415
hsa:4233	2	6	72	21.0422312627132	0.0422312627131904	20	0.91	3	0.07740706	0.6193929	0.01323353	0.02479042	92.25174	2	1	-55.3186324622126	-0.333244773868751
hsa:4088	2	8	17	8.02710843373494	0.0271084337349398	5	0.7	3	0.07681698	1.052145	0.01119761	0.0154491	167	9	0	-55.3362088841973	-0.333350655928899
hsa:4089	2	8	12	8.02158634538153	0.0215863453815261	0	0.7	2	0.07681698	0.7462099	0.01041916	0.01443114	167	9	0	-55.952710011016	-0.337064518138651
hsa:1029	1	8	23	8.01767068273092	0.0176706827309237	0	0.7	1	0.07681698	0.2380489	0.00754491	0.0208982	212.4478	5	0	-58.6694305339757	-0.35343030442154
hsa:595	4	8	122	8.02560240963855	0.0256024096385542	348	1.1515	7	0.07919545	0.725109	0.0102994	0.02706587	297.5674	5	1	-55.8124608043138	-0.336219643399481
hsa:7157	3	3	42	9.04819277108434	0.0481927710843374	0	0.7	8	0.07681698	1.081731	0.01616766	0.02053892	1.419602	0	0	-54.5169562362997	-0.328415399013854
hsa:578	1	1	14	1	0	0	0.72625	1	0.07740706	0.15	0.005988024	0.01598802	187.6974	0	1	-59.5154871549767	-0.358527031054076
hsa:5579	3	3	27	4.01807228915663	0.0180722891566265	0	0.7	3	0.07681698	1.283256	0.01101796	0.01592814	92.25174	10	0	-56.2596118699239	-0.338913324517614
hsa:2002	3	1	27	1	0	0	1.33	3	0.07858723	0.15	0.005988024	0.01550898	391.2444	10	1	-59.7654866464365	-0.360033052086967
hsa:7040	3	8	29	8.02660642570281	0.0266064257028112	0	0.7	3	0.07681698	0.9609163	0.01233533	0.01664671	167	9	0	-55.1883749073743	-0.33246008980346
hsa:7043	3	8	29	8.02660642570281	0.0266064257028112	0	0.7	3	0.07681698	0.9609163	0.01161677	0.01712575	167	9	0	-55.1883749073743	-0.33246008980346
hsa:7048	2	8	23	8.03012048192771	0.0301204819277108	24	0.7	3	0.07681698	1.012613	0.01209581	0.01892216	167	9	0	-54.9080083908471	-0.330771134884621
hsa:4087	2	8	17	8.02710843373494	0.0271084337349398	5	0.7	3	0.07681698	1.052145	0.01071856	0.0148503	167	9	0	-55.3362088841973	-0.333350655928899
hsa:5578	3	3	27	4.01807228915663	0.0180722891566265	0	0.7	3	0.07681698	1.283256	0.009820359	0.01508982	92.25174	10	0	-56.2596118699239	-0.338913324517614
hsa:5582	3	3	27	4.01807228915663	0.0180722891566265	0	0.7	3	0.07681698	1.283256	0.01053892	0.01520958	92.25174	10	0	-56.2596118699239	-0.338913324517614
hsa:1647	3	3	32	3.01204819277108	0.0120481927710843	0	0.72625	3	0.07740706	0.3461538	0.008742515	0.01814371	187.6974	0	1	-58.833757213736	-0.354420224179133
hsa:10912	3	3	32	3.01204819277108	0.0120481927710843	0	0.72625	3	0.07740706	0.3461538	0.008922156	0.01616766	187.6974	0	1	-58.833757213736	-0.354420224179133
hsa:7296	3	3	423	3.01204819277108	0.0120481927710843	0	0.711375	3	0.0774116	0.3461538	0.008802395	0.02700599	176.9056	1	1	-58.833757213736	-0.354420224179132
hsa:114112	3	3	423	3.01204819277108	0.0120481927710843	0	0.711375	3	0.0774116	0.3461538	0.007964072	0.02628743	176.9056	1	1	-58.833757213736	-0.354420224179132
hsa:6199	2	2	18	2.00602409638554	0.00602409638554217	0	0.859	2	0.07742066	0.2608695	0.00736527	0.01502994	357.882	8	1	-59.2155186920147	-0.356719992120571
hsa:6198	2	2	18	2.00602409638554	0.00602409638554217	0	0.859	2	0.07742066	0.2608695	0.007245509	0.01461078	357.882	8	1	-59.2155186920147	-0.356719992120571
hsa:5336	2	2	69	2.00602409638554	0.00602409638554217	0	0.739	2	0.0774116	0.2608695	0.007065868	0.01712575	200.5167	2	1	-59.2155186920147	-0.356719992120571
hsa:5335	2	2	69	2.00602409638554	0.00602409638554217	0	0.739	2	0.0774116	0.2608695	0.00760479	0.01958084	200.5167	2	1	-59.2155186920147	-0.356719992120571
hsa:1019	3	8	64	8.02710843373494	0.0271084337349398	104	0.7	3	0.07681698	0.6578251	0.01161677	0.01868263	188.4788	5	0	-56.0129385447013	-0.337427340630731
hsa:1021	3	8	64	8.02710843373494	0.0271084337349398	104	0.7	3	0.07681698	0.6578251	0.01125749	0.01676647	188.4788	5	0	-56.0129385447013	-0.337427340630731
hsa:57492	3	21	54	21.0577309236948	0.0577309236947791	26.33333	0.7	3	0.07681698	0.6936874	0.01874251	0.01760479	167	3	0	-51.9205060487025	-0.312774132823509
hsa:8289	3	21	54	21.0577309236948	0.0577309236947791	26.33333	0.7	3	0.07681698	0.6936874	0.01886228	0.01550898	167	3	0	-51.9205060487025	-0.312774132823509
hsa:572	3	1	39	2.00602409638554	0.00602409638554217	3	0.97	4	0.07858723	0.2775	0.006946108	0.01808383	226.7556	8	1	-59.2654871549768	-0.357021006957691
hsa:598	1	1	10	1	0	0	0.991	1	0.07742066	0.15	0.005988024	0.01275449	318.6382	8	1	-59.5154871549767	-0.358527031054076
hsa:3480	6	6	422	24.0732931726908	0.073293172690763	23	0.91	11	0.07740706	0.7959902	0.03017964	0.03005988	10.63063	2	1	-52.2736167895915	-0.314901305961395
hsa:3481	1	6	57	25.0467875379994	0.0467875379994444	0	0.7	1	0.07681698	0.8265917	0.0151497	0.02491018	92.25174	2	0	-51.4070680983612	-0.309681133122658
hsa:6595	3	21	51	21.0533132530121	0.0533132530120482	15.66667	0.7	4	0.07681698	0.9229496	0.01550898	0.01748503	167	3	0	-52.1922552934558	-0.314411176466601
hsa:55193	3	21	57	21.058734939759	0.0587349397590361	80.66667	0.7	3	0.07681698	0.6931481	0.01676647	0.02113772	167	3	0	-52.0231014632888	-0.313392177489692
hsa:7046	3	8	34	8.03212851405623	0.0321285140562249	24	0.7	4	0.07681698	1.253674	0.01329341	0.01742515	167	9	0	-54.569427058043	-0.328731488301464
hsa:7042	3	8	29	8.02660642570281	0.0266064257028112	0	0.7	3	0.07681698	0.9609163	0.01143713	0.01538922	167	9	0	-55.1883749073743	-0.33246008980346
hsa:7039	1	6	61	27.0508036022565	0.0508036022564726	0	0.7	1	0.07681698	1.01507	0.01215569	0.01670659	92.25174	2	0	-50.2113921440267	-0.302478265927872
hsa:1956	6	6	438	26.0793172690763	0.0793172690763052	25	0.91	13	0.07740706	1.017729	0.03419162	0.03257485	7.131887	2	1	-51.0737006859984	-0.307672895698786
hsa:1871	4	8	92	8.02761044176707	0.0276104417670683	0	0.77	4	0.07740706	0.6667693	0.01221557	0.01479042	202.6871	5	1	-56.4532765996933	-0.340079979516225
hsa:1869	4	8	92	8.02761044176707	0.0276104417670683	0	0.77	4	0.07740706	0.6667693	0.01167665	0.01724551	202.6871	5	1	-56.4532765996933	-0.340079979516225
hsa:122011	4	8	80	21.0564974182444	0.0564974182444062	289.5	0.7	4	0.07681698	1.646647	0.01269461	0.01736527	142.8546	5	0	-48.5138840826727	-0.29225231375104
hsa:1452	4	8	80	21.0564974182444	0.0564974182444062	289.5	0.7	4	0.07681698	1.646647	0.01730539	0.02017964	142.8546	5	0	-48.5138840826727	-0.29225231375104
hsa:8313	4	8	100	21.0464429145152	0.0464429145152037	335.5	0.7	4	0.07681698	0.9675892	0.01107784	0.02245509	242.4323	5	0	-50.1617280754152	-0.302179084791658
hsa:8312	4	8	100	21.0464429145152	0.0464429145152037	335.5	0.7	4	0.07681698	0.9675892	0.01419162	0.02281437	242.4323	5	0	-50.1617280754152	-0.302179084791658
hsa:1870	4	8	92	8.02761044176707	0.0276104417670683	0	0.77	4	0.07740706	0.6667693	0.01149701	0.01766467	202.6871	5	1	-56.4532765996933	-0.340079979516225
hsa:5925	4	8	118	8.02610441767068	0.0261044176706827	168	0.7	8	0.07681698	1.372898	0.01730539	0.01952096	120.4169	5	0	-55.0987531997989	-0.331920199998789
hsa:10023	4	8	508	26.0466150315548	0.0466150315547906	0	0.7	4	0.07681698	0.2872173	0.01532934	0.03964072	334.2776	6	0	-58.534399061158	-0.352616861814205
hsa:23401	4	8	508	26.0466150315548	0.0466150315547906	0	0.7	4	0.07681698	0.2872173	0.01790419	0.03413174	334.2776	6	0	-58.534399061158	-0.352616861814205
hsa:6605	3	21	198	21.0763052208835	0.0763052208835342	205.3333	0.7	7	0.07681698	1.242696	0.03317365	0.02658683	167	3	0	-45.8447077975858	-0.276172938539674
hsa:29117	3	21	121	21.0622489959839	0.0622489959839358	36	0.7	3	0.07681698	0.5405861	0.02143713	0.01916168	167	3	0	-50.4531668371016	-0.30393473998254
hsa:6601	3	21	66	21.0471887550201	0.0471887550200803	5.333334	0.7	5	0.07681698	1.118931	0.01670659	0.01161677	167	3	0	-52.1083174710604	-0.313905526934099
hsa:6599	3	21	66	21.0471887550201	0.0471887550200803	5.333334	0.7	5	0.07681698	1.118931	0.01502994	0.009520958	167	3	0	-52.1083174710604	-0.313905526934099
hsa:6934	4	8	135	13.0447791164659	0.0447791164658635	99	0.7525	6	0.07740706	0.7446173	0.01580838	0.02167665	76.9115	5	1	-55.5111485545888	-0.334404509364993
hsa:4609	4	1	96	1	0	0	1.1515	4	0.07919545	0.15	0.005988024	0.01754491	446.4515	5	1	-59.8154866464364	-0.360334256906244
hsa:3162	1	1	373	1	0	0	0.711375	1	0.0774116	0.15	0.005988024	0.04682635	176.9056	1	1	-59.5154871549767	-0.358527031054076
hsa:4780	19	19	6991	25.144578313253	0.144578313253012	24	0.91	25	0.07740706	1.353959	0.1202994	0.05191617	4.011032	1	1	-39.2569390603736	-0.236487584701046
hsa:10297	4	8	84	21.0540662650602	0.0540662650602409	316.5	0.7	5	0.07681698	1.519331	0.01676647	0.0205988	178.6307	5	0	-48.4152485271537	-0.291658123657553
hsa:324	4	8	84	21.0540662650602	0.0540662650602409	316.5	0.7	5	0.07681698	1.519331	0.01790419	0.01862275	178.6307	5	0	-48.4152485271537	-0.291658123657553
hsa:55274	7	21	515	21.0792168674699	0.0792168674698795	13.73333	0.7	10	0.07681698	1.32925	0.04227545	0.03209581	167	3	0	-45.6721975168146	-0.275133719980811
hsa:196528	3	21	192	21.0533132530121	0.0533132530120482	0	0.7	3	0.07681698	0.4889545	0.02419162	0.02796407	167	3	0	-50.6414890531089	-0.305069211163306
hsa:25759	5	4	246	17.0362071663277	0.0362071663276483	13	0.7468	6	0.07800622	0.6499857	0.01371257	0.0251497	118.1693	2	1	-55.0311635787597	-0.331513033606986
hsa:399694	5	4	246	17.0362071663277	0.0362071663276483	13	0.7468	6	0.07800622	0.6499857	0.01508982	0.02197605	118.1693	2	1	-55.0311635787597	-0.331513033606986
hsa:6464	5	4	246	17.0362071663277	0.0362071663276483	13	0.7468	6	0.07800622	0.6499857	0.01479042	0.02497006	118.1693	2	1	-55.0311635787597	-0.331513033606986
hsa:53358	5	4	246	17.0362071663277	0.0362071663276483	13	0.7468	6	0.07800622	0.6499857	0.01491018	0.02263473	118.1693	2	1	-55.0311635787597	-0.331513033606986
hsa:83439	4	8	135	13.0447791164659	0.0447791164658635	99	0.7525	6	0.07740706	0.7446173	0.01682635	0.02149701	76.9115	5	1	-55.5111485545888	-0.334404509364993
hsa:6932	4	8	135	13.0447791164659	0.0447791164658635	99	0.7525	6	0.07740706	0.7446173	0.0151497	0.02053892	76.9115	5	1	-55.5111485545888	-0.334404509364993
hsa:51176	4	8	135	13.0447791164659	0.0447791164658635	99	0.7525	6	0.07740706	0.7446173	0.01628743	0.02179641	76.9115	5	1	-55.5111485545888	-0.334404509364993
hsa:1499	4	8	128	21.0642570281125	0.0642570281124498	559	0.7	6	0.07681698	1.482747	0.02401198	0.02443114	52.64338	5	0	-48.8207748693209	-0.294101053429644
hsa:2475	3	2	46	3.00602409638554	0.00602409638554217	6	1.06	5	0.07858723	0.3717391	0.008383233	0.01820359	67.09399	8	1	-58.5655705428435	-0.352804641824358
hsa:207	3	3	47	8.01907630522088	0.0190763052208835	0	0.7	4	0.07681698	2.226186	0.01329341	0.01718563	2.582662	8	0	-53.8158286109275	-0.324191738620045
hsa:2885	5	3	190	13.0156196213425	0.0156196213425129	120	1.73266	7	0.07980847	0.9911353	0.01155689	0.02473054	166.6956	2	1	-50.8852005726812	-0.306537352847477
hsa:6654	5	3	162	12.0220883534137	0.0220883534136546	55	0.959899	5	0.07743004	0.9895709	0.0188024	0.03047904	62.22767	7	1	-53.3689468948372	-0.321499680089381
hsa:5605	4	2	146	4.00903614457831	0.00903614457831325	19	1.135417	6	0.07862866	0.3410852	0.01035928	0.02299401	93.9671	7	1	-58.6853431698773	-0.35352616367396
hsa:5595	3	2	61	2.00602409638554	0.00602409638554217	0	1.040625	3	0.07802498	0.2093023	0.007185629	0.01718563	911.7859	7	1	-59.4700321161148	-0.358253205518764
hsa:5604	4	2	146	4.00903614457831	0.00903614457831325	19	1.135417	6	0.07862866	0.3410852	0.01041916	0.02191617	93.9671	7	1	-58.6853431698773	-0.35352616367396
hsa:5594	3	2	61	2.00602409638554	0.00602409638554217	0	1.040625	3	0.07802498	0.2093023	0.007005988	0.01550898	911.7859	7	1	-59.4700321161148	-0.358253205518764
hsa:71	6	21	373	21.0701807228916	0.0701807228915663	6	0.7	7	0.07681698	0.9869649	0.04041916	0.02556886	167	3	0	-46.8240736077861	-0.282072732577025
hsa:60	6	21	373	21.0701807228916	0.0701807228915663	6	0.7	7	0.07681698	0.9869649	0.03898204	0.02077844	167	3	0	-46.8240736077861	-0.282072732577025
hsa:4893	5	3	219	10.024297188755	0.0242971887550201	30.33334	0.8919798	7	0.07800657	0.6572601	0.01820359	0.0245509	51.23145	7	1	-56.1690080562125	-0.338367518410919
hsa:6655	5	3	162	12.0220883534137	0.0220883534136546	55	0.959899	5	0.07743004	0.9895709	0.02	0.02245509	62.22767	7	1	-53.3689468948372	-0.321499680089381
hsa:5296	6	6	396	6.03012048192771	0.0301204819277108	0	0.788625	8	0.07860086	0.3199999	0.0160479	0.0239521	243.4604	2	1	-58.7534882200586	-0.353936676024449
hsa:2549	6	6	300	7.03614457831325	0.036144578313253	12	0.8365	7	0.0774116	0.3539999	0.02077844	0.02383234	22.20656	2	1	-57.773551671503	-0.348033443804235
hsa:86	7	21	497	21.0633534136546	0.0633534136546185	2.4	0.7	9	0.07681698	1.191198	0.04263473	0.02652695	167	3	0	-45.9399965924786	-0.27674696742457
hsa:6604	7	21	451	21.0722891566265	0.072289156626506	36	0.7	8	0.07681698	1.098223	0.04712575	0.02778443	167	3	0	-45.957097602438	-0.276849985556855
hsa:6602	7	21	451	21.0722891566265	0.072289156626506	36	0.7	8	0.07681698	1.098223	0.04413174	0.02778443	167	3	0	-45.957097602438	-0.276849985556855
hsa:51412	7	21	497	21.0633534136546	0.0633534136546185	2.4	0.7	9	0.07681698	1.191198	0.04359281	0.0251497	167	3	0	-45.9399965924786	-0.27674696742457
hsa:5293	6	6	396	6.03012048192771	0.0301204819277108	0	0.788625	8	0.07860086	0.3199999	0.01580838	0.02862275	243.4604	2	1	-58.7534882200586	-0.353936676024449
hsa:5291	6	6	396	6.03012048192771	0.0301204819277108	0	0.788625	8	0.07860086	0.3199999	0.0142515	0.02371258	243.4604	2	1	-58.7534882200586	-0.353936676024449
hsa:5295	6	6	396	6.03012048192771	0.0301204819277108	0	0.788625	8	0.07860086	0.3199999	0.01646707	0.02982036	243.4604	2	1	-58.7534882200586	-0.353936676024449
hsa:5290	6	6	396	6.03012048192771	0.0301204819277108	0	0.788625	8	0.07860086	0.3199999	0.01754491	0.03107785	243.4604	2	1	-58.7534882200586	-0.353936676024449
hsa:2932	4	8	500	21.0355636833046	0.0355636833046472	720	1.96	5	0.07872321	0.5612234	0.01179641	0.02652695	567.9857	6	1	-52.40532395597	-0.315694722626325
hsa:1856	12	8	2276	26.0546860602583	0.0546860602583494	251.6667	1.4	15	0.08271783	0.4182639	0.01556886	0.04419162	400.5503	6	1	-56.4645262923277	-0.340147748748962
hsa:10000	3	3	47	8.01907630522088	0.0190763052208835	0	0.7	4	0.07681698	2.226186	0.01389222	0.01682635	2.582662	8	0	-53.8158286109275	-0.324191738620045
hsa:208	3	3	47	8.01907630522088	0.0190763052208835	0	0.7	4	0.07681698	2.226186	0.01371257	0.01874251	2.582662	8	0	-53.8158286109275	-0.324191738620045
hsa:3845	5	3	219	10.024297188755	0.0242971887550201	30.33334	0.8919798	7	0.07800657	0.6572601	0.01730539	0.02359281	51.23145	7	1	-56.1690080562125	-0.338367518410919
hsa:369	5	3	221	7.01656626506024	0.016566265060241	21.33333	0.967594	7	0.07861464	0.4469109	0.01443114	0.02526946	48.06665	7	1	-57.8843204562097	-0.348700725639817
hsa:673	5	3	221	7.01656626506024	0.016566265060241	21.33333	0.967594	7	0.07861464	0.4469109	0.01365269	0.02640719	48.06665	7	1	-57.8843204562097	-0.348700725639817
hsa:3265	5	3	219	10.024297188755	0.0242971887550201	30.33334	0.8919798	7	0.07800657	0.6572601	0.01754491	0.02221557	51.23145	7	1	-56.1690080562125	-0.338367518410919
hsa:8193	7	21	515	21.0792168674699	0.0792168674698795	13.73333	0.7	10	0.07681698	1.32925	0.04155689	0.02718563	167	3	0	-45.6721975168146	-0.275133719980811
hsa:6603	7	21	451	21.0722891566265	0.072289156626506	36	0.7	8	0.07681698	1.098223	0.04706587	0.02916168	167	3	0	-45.957097602438	-0.276849985556855
hsa:7976	12	31	3164	57.1701090074584	0.170109007458405	54.59999	0.7	14	0.07681698	1.10683	0.1782036	0.0351497	56.91575	6	0	-26.6288930970693	-0.160415018657044
hsa:8323	12	31	3164	57.1701090074584	0.170109007458405	54.59999	0.7	14	0.07681698	1.10683	0.1801198	0.04922156	56.91575	6	0	-26.6288930970693	-0.160415018657044
hsa:7855	12	31	3164	57.1701090074584	0.170109007458405	54.59999	0.7	14	0.07681698	1.10683	0.1675449	0.04329341	56.91575	6	0	-26.6288930970693	-0.160415018657044
hsa:11211	12	31	3164	57.1701090074584	0.170109007458405	54.59999	0.7	14	0.07681698	1.10683	0.1852695	0.04742515	56.91575	6	0	-26.6288930970693	-0.160415018657044
hsa:8325	12	31	3164	57.1701090074584	0.170109007458405	54.59999	0.7	14	0.07681698	1.10683	0.1671257	0.05520958	56.91575	6	0	-26.6288930970693	-0.160415018657044
hsa:8322	12	31	3164	57.1701090074584	0.170109007458405	54.59999	0.7	14	0.07681698	1.10683	0.1752096	0.04580838	56.91575	6	0	-26.6288930970693	-0.160415018657044
hsa:8321	12	31	3164	57.1701090074584	0.170109007458405	54.59999	0.7	14	0.07681698	1.10683	0.1747305	0.04209581	56.91575	6	0	-26.6288930970693	-0.160415018657044
hsa:8326	12	31	3164	57.1701090074584	0.170109007458405	54.59999	0.7	14	0.07681698	1.10683	0.1677245	0.04532934	56.91575	6	0	-26.6288930970693	-0.160415018657044
hsa:8324	12	31	3164	57.1701090074584	0.170109007458405	54.59999	0.7	14	0.07681698	1.10683	0.1838922	0.05251497	56.91575	6	0	-26.6288930970693	-0.160415018657044
hsa:2535	12	31	3164	57.1701090074584	0.170109007458405	54.59999	0.7	14	0.07681698	1.10683	0.1555689	0.0494012	56.91575	6	0	-26.6288930970693	-0.160415018657044
hsa:1857	12	8	2276	26.0546860602583	0.0546860602583494	251.6667	1.4	15	0.08271783	0.4182639	0.01850299	0.04329341	400.5503	6	1	-56.4645262923277	-0.340147748748962
hsa:1855	12	8	2276	26.0546860602583	0.0546860602583494	251.6667	1.4	15	0.08271783	0.4182639	0.01610778	0.03592815	400.5503	6	1	-56.4645262923277	-0.340147748748962
hsa:4257	19	19	6871	19.1084337349398	0.108433734939759	0	0.711375	19	0.0774116	0.7702687	0.1047904	0.04323353	176.9056	1	1	-51.1726344428222	-0.308268882185676
hsa:4258	19	19	6871	19.1084337349398	0.108433734939759	0	0.711375	19	0.0774116	0.7702687	0.1104192	0.0442515	176.9056	1	1	-51.1726344428222	-0.308268882185676
hsa:4259	19	19	6871	19.1084337349398	0.108433734939759	0	0.711375	19	0.0774116	0.7702687	0.1099401	0.04215569	176.9056	1	1	-51.1726344428222	-0.308268882185676
hsa:2940	19	19	6871	19.1084337349398	0.108433734939759	0	0.711375	19	0.0774116	0.7702687	0.1099401	0.04155689	176.9056	1	1	-51.1726344428222	-0.308268882185676
hsa:2946	19	19	6871	19.1084337349398	0.108433734939759	0	0.711375	19	0.0774116	0.7702687	0.1069461	0.04239521	176.9056	1	1	-51.1726344428222	-0.308268882185676
hsa:2952	19	19	6871	19.1084337349398	0.108433734939759	0	0.711375	19	0.0774116	0.7702687	0.1101198	0.04347305	176.9056	1	1	-51.1726344428222	-0.308268882185676
hsa:2953	19	19	6871	19.1084337349398	0.108433734939759	0	0.711375	19	0.0774116	0.7702687	0.1081437	0.03652694	176.9056	1	1	-51.1726344428222	-0.308268882185676
hsa:221357	19	19	6871	19.1084337349398	0.108433734939759	0	0.711375	19	0.0774116	0.7702687	0.1049102	0.04694611	176.9056	1	1	-51.1726344428222	-0.308268882185676
hsa:2938	19	19	6871	19.1084337349398	0.108433734939759	0	0.711375	19	0.0774116	0.7702687	0.1105389	0.04275449	176.9056	1	1	-51.1726344428222	-0.308268882185676
hsa:119391	19	19	6871	19.1084337349398	0.108433734939759	0	0.711375	19	0.0774116	0.7702687	0.1090419	0.04299401	176.9056	1	1	-51.1726344428222	-0.308268882185676
hsa:2944	19	19	6871	19.1084337349398	0.108433734939759	0	0.711375	19	0.0774116	0.7702687	0.1062275	0.04353293	176.9056	1	1	-51.1726344428222	-0.308268882185676
hsa:2950	19	19	6871	19.1084337349398	0.108433734939759	0	0.711375	19	0.0774116	0.7702687	0.1035329	0.03874252	176.9056	1	1	-51.1726344428222	-0.308268882185676
hsa:9446	19	19	6871	19.1084337349398	0.108433734939759	0	0.711375	19	0.0774116	0.7702687	0.1071856	0.04233533	176.9056	1	1	-51.1726344428222	-0.308268882185676
hsa:2947	19	19	6871	19.1084337349398	0.108433734939759	0	0.711375	19	0.0774116	0.7702687	0.1080838	0.03928144	176.9056	1	1	-51.1726344428222	-0.308268882185676
hsa:2949	19	19	6871	19.1084337349398	0.108433734939759	0	0.711375	19	0.0774116	0.7702687	0.1102994	0.03808383	176.9056	1	1	-51.1726344428222	-0.308268882185676
hsa:2948	19	19	6871	19.1084337349398	0.108433734939759	0	0.711375	19	0.0774116	0.7702687	0.108503	0.04473054	176.9056	1	1	-51.1726344428222	-0.308268882185676
hsa:653689	19	19	6871	19.1084337349398	0.108433734939759	0	0.711375	19	0.0774116	0.7702687	0.109521	0.04598802	176.9056	1	1	-51.1726344428222	-0.308268882185676
hsa:2939	19	19	6871	19.1084337349398	0.108433734939759	0	0.711375	19	0.0774116	0.7702687	0.1103593	0.04353293	176.9056	1	1	-51.1726344428222	-0.308268882185676
hsa:7475	20	31	8240	57.1753544480954	0.175354448095412	0	0.7	20	0.07681698	1.110171	0.1941916	0.04796407	143.6928	4	0	-21.713642329725	-0.130805074275452
hsa:7472	20	31	8240	57.1753544480954	0.175354448095412	0	0.7	20	0.07681698	1.110171	0.1940719	0.05269461	143.6928	4	0	-21.713642329725	-0.130805074275452
hsa:7476	20	31	8240	57.1753544480954	0.175354448095412	0	0.7	20	0.07681698	1.110171	0.191497	0.0439521	143.6928	4	0	-21.713642329725	-0.130805074275452
hsa:7480	20	31	8240	57.1753544480954	0.175354448095412	0	0.7	20	0.07681698	1.110171	0.1965269	0.04754491	143.6928	4	0	-21.713642329725	-0.130805074275452
hsa:81029	20	31	8240	57.1753544480954	0.175354448095412	0	0.7	20	0.07681698	1.110171	0.1944311	0.04844311	143.6928	4	0	-21.713642329725	-0.130805074275452
hsa:7483	20	31	8240	57.1753544480954	0.175354448095412	0	0.7	20	0.07681698	1.110171	0.1966467	0.05101796	143.6928	4	0	-21.713642329725	-0.130805074275452
hsa:54361	20	31	8240	57.1753544480954	0.175354448095412	0	0.7	20	0.07681698	1.110171	0.1968264	0.05113772	143.6928	4	0	-21.713642329725	-0.130805074275452
hsa:89780	20	31	8240	57.1753544480954	0.175354448095412	0	0.7	20	0.07681698	1.110171	0.1950299	0.04904192	143.6928	4	0	-21.713642329725	-0.130805074275452
hsa:7477	20	31	8240	57.1753544480954	0.175354448095412	0	0.7	20	0.07681698	1.110171	0.1976048	0.03838323	143.6928	4	0	-21.713642329725	-0.130805074275452
hsa:7473	20	31	8240	57.1753544480954	0.175354448095412	0	0.7	20	0.07681698	1.110171	0.1949701	0.04706587	143.6928	4	0	-21.713642329725	-0.130805074275452
hsa:7479	20	31	8240	57.1753544480954	0.175354448095412	0	0.7	20	0.07681698	1.110171	0.195509	0.04461078	143.6928	4	0	-21.713642329725	-0.130805074275452
hsa:7484	20	31	8240	57.1753544480954	0.175354448095412	0	0.7	20	0.07681698	1.110171	0.1979641	0.04754491	143.6928	4	0	-21.713642329725	-0.130805074275452
hsa:7481	20	31	8240	57.1753544480954	0.175354448095412	0	0.7	20	0.07681698	1.110171	0.1988024	0.0454491	143.6928	4	0	-21.713642329725	-0.130805074275452
hsa:7474	20	31	8240	57.1753544480954	0.175354448095412	0	0.7	20	0.07681698	1.110171	0.1959281	0.04754491	143.6928	4	0	-21.713642329725	-0.130805074275452
hsa:51384	20	31	8240	57.1753544480954	0.175354448095412	0	0.7	20	0.07681698	1.110171	0.2001796	0.05568862	143.6928	4	0	-21.713642329725	-0.130805074275452
hsa:7482	20	31	8240	57.1753544480954	0.175354448095412	0	0.7	20	0.07681698	1.110171	0.1943713	0.05005988	143.6928	4	0	-21.713642329725	-0.130805074275452
hsa:7471	20	31	8240	57.1753544480954	0.175354448095412	0	0.7	20	0.07681698	1.110171	0.1973653	0.04502994	143.6928	4	0	-21.713642329725	-0.130805074275452
hsa:80326	20	31	8240	57.1753544480954	0.175354448095412	0	0.7	20	0.07681698	1.110171	0.1965868	0.04071856	143.6928	4	0	-21.713642329725	-0.130805074275452
hsa:4040	20	31	9960	57.2121692230126	0.212169223012597	437	0.7	30	0.07681698	1.957169	0.1926946	0.05976048	115.7323	4	0	-19.0551400471643	-0.114790000284122
hsa:7478	20	31	8240	57.1753544480954	0.175354448095412	0	0.7	20	0.07681698	1.110171	0.1988623	0.04239521	143.6928	4	0	-21.713642329725	-0.130805074275452
hsa:8110	7	21	515	21.0792168674699	0.0792168674698795	13.73333	0.7	10	0.07681698	1.32925	0.04413174	0.02736527	167	3	0	-45.6721975168146	-0.275133719980811
hsa:6598	3	21	48	21.0543172690763	0.0543172690763052	39.33334	0.7	4	0.07681698	0.9235204	0.01712575	0.01670659	167	3	0	-51.4202068492959	-0.309760282224674
hsa:8503	6	6	396	6.03012048192771	0.0301204819277108	0	0.788625	8	0.07860086	0.3199999	0.0160479	0.02610778	243.4604	2	1	-58.7534882200586	-0.353936676024449
hsa:9817	1	19	373	26.078313253012	0.0783132530120482	0	0.7	1	0.07681698	1.300865	0.03083832	0.05323353	92.25174	1	0	-38.3889754856593	-0.231258888467827
hsa:10587	3	3	423	3.01204819277108	0.0120481927710843	0	0.711375	3	0.0774116	0.3461538	0.008742515	0.02586826	176.9056	1	1	-58.833757213736	-0.354420224179132
hsa:2941	19	19	6871	19.1084337349398	0.108433734939759	0	0.711375	19	0.0774116	0.7702687	0.1116168	0.04179641	176.9056	1	1	-51.1726344428222	-0.308268882185676
hsa:1728	1	1	373	1	0	0	0.711375	1	0.0774116	0.15	0.005988024	0.05353294	176.9056	1	1	-59.5154871549767	-0.358527031054076
hsa:6597	3	21	51	21.0533132530121	0.0533132530120482	15.66667	0.7	4	0.07681698	0.9229496	0.01634731	0.01682635	167	3	0	-52.1922552934558	-0.314411176466601
hsa:51426	1	1	14	1	0	0	0.72625	1	0.07740706	0.15	0.005988024	0.01886228	187.6974	0	1	-59.5154871549767	-0.358527031054076
hsa:1643	1	1	14	1	0	0	0.72625	1	0.07740706	0.15	0.005988024	0.01748503	187.6974	0	1	-59.5154871549767	-0.358527031054076
hsa:581	1	1	14	1	0	0	0.72625	1	0.07740706	0.15	0.005988024	0.02017964	187.6974	0	1	-59.5154871549767	-0.358527031054076
hsa:4616	3	3	32	3.01204819277108	0.0120481927710843	0	0.72625	3	0.07740706	0.3461538	0.009401198	0.01982036	187.6974	0	1	-58.833757213736	-0.354420224179133
hsa:1026	1	1	14	1	0	0	0.72625	1	0.07740706	0.15	0.005988024	0.01449102	187.6974	0	1	-59.5154871549767	-0.358527031054076
hsa:4041	20	31	9960	57.2121692230126	0.212169223012597	437	0.7	30	0.07681698	1.957169	0.2009581	0.05988024	115.7323	4	0	-19.0551400471643	-0.114790000284122
hsa:5894	5	3	221	7.01656626506024	0.016566265060241	21.33333	0.967594	7	0.07861464	0.4469109	0.01479042	0.02586826	48.06665	7	1	-57.8843204562097	-0.348700725639817
