Node name	K-shell	R-shell	K-Coreness	Hierarchical closeness	Closeness	Betweeness	Page rank in	Total degree	Katz	Page rank out	Epidemic SIR	Rumor spreading	Taxi passenger ranking	UW_ModuleID	Robustness	Sum Outside Loyality	Average Outside Loyality
hsa:122011	2	7	34	15.0420745920746	0.0420745920745921	0	0.7	2	0.08215936	0.9698482	0.01277778	0.02083333	135.9389	4	0	-44.36863436285	-0.31027017036958
hsa:1452	2	7	34	15.0420745920746	0.0420745920745921	0	0.7	2	0.08215936	0.9698482	0.01166667	0.020625	135.9389	4	0	-44.36863436285	-0.31027017036958
hsa:1021	2	7	75	7.02447552447552	0.0244755244755245	0	0.7	2	0.08215936	0.3243109	0.01034722	0.034375	250.8625	4	0	-47.8000526407292	-0.334266102382721
hsa:1019	2	7	75	7.02447552447552	0.0244755244755245	0	0.7	2	0.08215936	0.3243109	0.01104167	0.02770833	250.8624	4	0	-47.8000526407292	-0.334266102382721
hsa:8600	1	1	49	1	0	0	0.77	1	0.08283436	0.15	0.006944444	0.03833333	187.8254	4	1	-48.491757485718	-0.339103199200825
hsa:5241	4	31	868	65.1691641691642	0.169164169164169	343	0.7	5	0.08215936	0.8528764	0.1234722	0.03041667	47.64629	4	0	-30.8991405224107	-0.216077905751123
hsa:7157	3	3	75	9.05594405594406	0.0559440559440559	0	0.7	8	0.08215936	0.9754806	0.02097222	0.028125	1.915794	1	0	-43.8503689156436	-0.306645936473032
hsa:581	1	1	18	1	0	0	0.72625	1	0.08283436	0.15	0.006944444	0.02305556	161.7604	1	1	-48.491757485718	-0.339103199200825
hsa:1871	3	7	32	7.02913752913753	0.0291375291375291	0	0.7	3	0.08215936	0.7503768	0.01194444	0.01819444	158.8697	4	0	-45.8434819975421	-0.320583790192602
hsa:1869	3	7	32	7.02913752913753	0.0291375291375291	0	0.7	3	0.08215936	0.7503768	0.01361111	0.01819444	158.8697	4	0	-45.8434819975421	-0.320583790192602
hsa:10297	3	7	35	20.0425657675658	0.0425657675657676	0	0.7	3	0.08215936	0.7776208	0.01347222	0.02194444	152.6857	4	0	-44.7650483493263	-0.313042296149135
hsa:324	3	7	35	20.0425657675658	0.0425657675657676	0	0.7	3	0.08215936	0.7776208	0.01340278	0.01972222	152.6857	4	0	-44.7650483493263	-0.313042296149135
hsa:10912	3	3	36	3.01398601398601	0.013986013986014	0	0.72625	3	0.08283436	0.3461538	0.01041667	0.019375	161.7604	1	1	-47.8100275444773	-0.334335856954387
hsa:1647	3	3	36	3.01398601398601	0.013986013986014	0	0.72625	3	0.08283436	0.3461538	0.009861111	0.01944445	161.7604	1	1	-47.8100275444773	-0.334335856954387
hsa:1870	3	7	32	7.02913752913753	0.0291375291375291	0	0.7	3	0.08215936	0.7503768	0.01402778	0.01805556	158.8697	4	0	-45.8434819975421	-0.320583790192602
hsa:5925	3	7	95	7.03496503496504	0.034965034965035	228	0.7	4	0.08215936	0.8242989	0.01298611	0.02972222	212.9536	4	0	-45.564164861249	-0.318630523505238
hsa:6667	4	31	88	65.1143856143856	0.114385614385614	0	0.7	4	0.08215936	1.106311	0.03118056	0.02381944	120.6919	4	0	-33.1222391262934	-0.231624049834219
hsa:2353	4	31	88	65.1143856143856	0.114385614385614	0	0.7	4	0.08215936	1.106311	0.03493056	0.02201389	120.6919	4	0	-33.1222391262934	-0.231624049834219
hsa:23401	4	7	508	25.0577172827173	0.0577172827172827	0	0.7	4	0.08215936	0.3075627	0.01854167	0.03125	278.4536	5	0	-47.4303031008334	-0.331680441264569
hsa:10023	4	7	508	25.0577172827173	0.0577172827172827	0	0.7	4	0.08215936	0.3075627	0.01951389	0.03604167	278.4536	5	0	-47.4303031008334	-0.331680441264569
hsa:8313	3	7	77	20.0500832500833	0.0500832500832501	61	0.7	4	0.08215936	0.9583418	0.01666667	0.02395833	172.9336	4	0	-44.0866766922564	-0.308298438407388
hsa:8312	3	7	77	20.0500832500833	0.0500832500832501	61	0.7	4	0.08215936	0.9583418	0.01604167	0.01930556	172.9336	4	0	-44.0866766922564	-0.308298438407388
hsa:6198	2	2	18	2.00699300699301	0.00699300699300699	0	0.8995	2	0.08285101	0.2608695	0.008194445	0.01826389	393.1099	7	1	-48.191789022756	-0.33700551764165
hsa:6199	2	2	18	2.00699300699301	0.00699300699300699	0	0.8995	2	0.08285101	0.2608695	0.008680556	0.01694444	393.1099	7	1	-48.191789022756	-0.33700551764165
hsa:1950	1	6	81	25.0274368114403	0.0274368114403079	0	0.7	1	0.08215936	0.5818128	0.01486111	0.04291667	49.07682	0	0	-43.8080078912185	-0.306349705532996
hsa:1956	8	6	864	24.0427547976499	0.0427547976499025	23	0.91	11	0.08283436	0.508015	0.03902778	0.06020833	5.455413	0	1	-44.7554469631647	-0.312975153588565
hsa:3714	5	7	409	46.1021454361489	0.102145436148933	0	0.7	5	0.08215936	3.176666	0.04458333	0.035	16.68712	0	0	-40.4489328932449	-0.282859670582132
hsa:182	5	7	409	46.1021454361489	0.102145436148933	0	0.7	5	0.08215936	3.176666	0.03916667	0.03916667	16.68712	0	0	-40.4489328932449	-0.282859670582132
hsa:3480	8	6	864	24.0373533873534	0.0373533873533873	23	0.91	11	0.08283436	0.508015	0.03638889	0.04159722	4.089639	0	1	-44.7554469631647	-0.312975153588565
hsa:3479	1	6	81	25.0209401709402	0.0209401709401709	0	0.7	1	0.08215936	0.5818128	0.01416667	0.03423611	28.62565	0	0	-43.8080078912185	-0.306349705532996
hsa:1499	4	7	174	15.0611888111888	0.0611888111888112	646	1.288	7	0.08285238	1.43881	0.02361111	0.02625	133.4459	4	1	-42.440306617817	-0.296785360963755
hsa:2932	4	7	522	20.0496503496503	0.0496503496503497	832	1.96	6	0.08435078	0.9649578	0.01583333	0.036875	297.5968	4	1	-41.3454049083348	-0.289128705652691
hsa:207	3	3	31	6.01670551670552	0.0167055167055167	0	0.7	3	0.08215936	1.702058	0.01340278	0.01854167	5.660745	7	0	-44.0402062463307	-0.307973470254061
hsa:2475	3	2	37	3.004662004662	0.00466200466200466	6	1.33	5	0.0841844	0.3717391	0.009513889	0.01993056	60.79787	7	1	-47.5418408735848	-0.332460425689404
hsa:8648	4	31	169	65.1423826173826	0.142382617382617	149.5	0.7	7	0.08215936	2.001785	0.04604167	0.02618056	85.76913	4	0	-30.0299900415403	-0.209999930360421
hsa:3725	4	31	88	65.1143856143856	0.114385614385614	0	0.7	4	0.08215936	1.106311	0.02354167	0.02465278	120.6919	4	0	-33.1222391262934	-0.231624049834219
hsa:6934	5	7	244	12.0524475524476	0.0524475524475524	88	0.7966	6	0.08284007	0.5463992	0.01854167	0.02791667	90.19882	4	1	-46.3838218008441	-0.324362390215693
hsa:6932	5	7	244	12.0524475524476	0.0524475524475524	88	0.7966	6	0.08284007	0.5463992	0.01854167	0.03083333	90.19882	4	1	-46.3838218008441	-0.324362390215693
hsa:51176	5	7	244	12.0524475524476	0.0524475524475524	88	0.7966	6	0.08284007	0.5463992	0.01888889	0.03645833	90.19882	4	1	-46.3838218008441	-0.324362390215693
hsa:83439	5	7	244	12.0524475524476	0.0524475524475524	88	0.7966	6	0.08284007	0.5463992	0.01847222	0.03354167	90.19882	4	1	-46.3838218008441	-0.324362390215693
hsa:54567	6	7	456	47.1091384431419	0.10913844314194	0	0.7	6	0.08215936	3.176666	0.06020833	0.02458333	16.68712	0	0	-36.0184396384387	-0.251877200268802
hsa:10683	6	7	456	47.1091384431419	0.10913844314194	0	0.7	6	0.08215936	3.176666	0.06006945	0.02895833	16.68712	0	0	-36.0184396384387	-0.251877200268802
hsa:2100	4	31	207	65.099099637736	0.0990996377360013	24	0.7	5	0.08215936	0.9547024	0.02638889	0.03479167	49.71912	4	0	-34.434992336605	-0.240804142214021
hsa:8202	4	31	169	65.1423826173826	0.142382617382617	149.5	0.7	7	0.08215936	2.001785	0.0375	0.03270833	85.76913	4	0	-30.0299900415403	-0.209999930360421
hsa:3280	6	7	777	36.0898009398009	0.0898009398009398	18	0.865	10	0.08497033	0.3527697	0.02152778	0.04736111	47.58582	0	1	-47.173665711517	-0.329885774206412
hsa:4791	5	1	334	1	0	0	0.9595	5	0.0856499	0.15	0.006944444	0.04680556	399.0001	0	1	-48.8250903105111	-0.341434197975602
hsa:2099	4	31	207	65.099099637736	0.0990996377360013	24	0.7	5	0.08215936	0.9547024	0.02944444	0.03465278	49.71912	4	0	-34.434992336605	-0.240804142214021
hsa:4609	5	1	494	1	0	0	1.64746	11	0.08972237	0.15	0.006944444	0.04493055	810.4956	4	1	-48.9084236438444	-0.342016948558353
hsa:2324	4	1	376	1	0	0	0.865	4	0.08497033	0.15	0.006944444	0.03215278	302.5857	0	1	-48.7917569771777	-0.341201097742502
hsa:4854	7	7	971	44.1265142265142	0.126514226514227	50	0.9625	15	0.08553443	0.7683412	0.05666667	0.05111111	25.61579	0	1	-43.4772193487436	-0.304036498942263
hsa:388585	6	7	777	36.0898009398009	0.0898009398009398	18	0.865	10	0.08497033	0.3527697	0.02729167	0.049375	47.58582	0	1	-47.173665711517	-0.329885774206412
hsa:1026	5	1	352	1	0	0	0.98575	6	0.08632492	0.15	0.006944444	0.04152778	416.7604	0	1	-48.8488998343206	-0.341600698142102
hsa:10000	3	3	31	6.01670551670552	0.0167055167055167	0	0.7	3	0.08215936	1.702058	0.01118056	0.01923611	5.660745	7	0	-44.0402062463307	-0.307973470254061
hsa:208	3	3	31	6.01670551670552	0.0167055167055167	0	0.7	3	0.08215936	1.702058	0.01298611	0.01756945	5.660745	7	0	-44.0402062463307	-0.307973470254061
hsa:5594	3	2	61	2.00699300699301	0.00699300699300699	0	1.040756	3	0.08354349	0.2093023	0.008472222	0.02201389	946.2134	6	1	-48.4463024468561	-0.338785331796197
hsa:5605	4	2	146	4.00932400932401	0.00932400932400933	52	1.135855	6	0.08423514	0.3410852	0.01166667	0.02590278	79.61695	6	1	-47.6616135006187	-0.333297996507823
hsa:5595	3	2	61	2.00699300699301	0.00699300699300699	0	1.040756	3	0.08354349	0.2093023	0.008611111	0.02319445	946.2134	6	1	-48.4463024468561	-0.338785331796197
hsa:5604	4	2	146	4.00932400932401	0.00932400932400933	52	1.135855	6	0.08423514	0.3410852	0.01173611	0.023125	79.61695	6	1	-47.6616135006187	-0.333297996507823
hsa:6655	5	3	172	12.019425019425	0.0194250194250194	220	0.9761008	5	0.08285751	0.9895709	0.01916667	0.02722222	96.72223	6	1	-42.3452172255785	-0.296120400178871
hsa:3265	5	3	219	10.0234654234654	0.0234654234654235	107.3333	0.8952202	7	0.08352086	0.6572601	0.02055556	0.03013889	65.61809	6	1	-45.1452783869538	-0.315701247461216
hsa:4893	5	3	219	10.0234654234654	0.0234654234654235	107.3333	0.8952202	7	0.08352086	0.6572601	0.02034722	0.02743055	65.61809	6	1	-45.1452783869538	-0.315701247461216
hsa:6654	5	3	172	12.019425019425	0.0194250194250194	220	0.9761008	5	0.08285751	0.9895709	0.018125	0.02819444	96.72223	6	1	-42.3452172255785	-0.296120400178871
hsa:28514	6	7	456	47.1091384431419	0.10913844314194	0	0.7	6	0.08215936	3.176666	0.05618056	0.03215278	16.68712	0	0	-36.0184396384387	-0.251877200268802
hsa:4853	7	7	971	44.1265142265142	0.126514226514227	50	0.9625	15	0.08553443	0.7683412	0.05381944	0.048125	25.61579	0	1	-43.4772193487436	-0.304036498942263
hsa:2885	5	3	366	13.0120879120879	0.0120879120879121	516	1.840672	6	0.08497568	0.9911353	0.01354167	0.04048611	278.6788	0	1	-39.8281375700892	-0.278518444546078
hsa:25759	8	4	1066	17.03108003108	0.0310800310800311	126.75	0.95056	9	0.08569712	0.5293449	0.01805556	0.04611111	123.0016	0	1	-44.7665163307647	-0.313052561753599
hsa:23462	7	7	855	37.0967939467939	0.0967939467939468	18	0.865	11	0.08497033	0.4085566	0.02645833	0.04701389	47.58582	0	1	-46.7698701254482	-0.327062028849288
hsa:23493	7	7	855	37.0967939467939	0.0967939467939468	18	0.865	11	0.08497033	0.4085566	0.02819444	0.05048611	47.58582	0	1	-46.7698701254482	-0.327062028849288
hsa:3815	8	6	856	24.0786835431775	0.0786835431774703	0	0.7	10	0.08215936	0.508015	0.03298611	0.04402778	0.6468474	0	0	-44.2565823769515	-0.309486590048612
hsa:5296	8	6	1237	6.03496503496504	0.034965034965035	0	0.939185	10	0.08569712	0.2608695	0.02	0.04513889	362.1938	0	1	-48.1276204400118	-0.336556786293789
hsa:3845	5	3	219	10.0234654234654	0.0234654234654235	107.3333	0.8952202	7	0.08352086	0.6572601	0.02166667	0.02506945	65.61809	6	1	-45.1452783869538	-0.315701247461216
hsa:673	5	3	221	7.01748251748252	0.0174825174825175	65.33333	0.9685661	7	0.08421796	0.4469109	0.01611111	0.02895833	50.22631	6	1	-46.860590786951	-0.327696439069587
hsa:4851	7	7	971	44.1265142265142	0.126514226514227	50	0.9625	15	0.08553443	0.7683412	0.05527778	0.04881945	25.61579	0	1	-43.4772193487436	-0.304036498942263
hsa:26508	7	7	855	37.0967939467939	0.0967939467939468	18	0.865	11	0.08497033	0.4085566	0.03138889	0.045625	47.58582	0	1	-46.7698701254482	-0.327062028849288
hsa:5291	8	6	1237	6.03496503496504	0.034965034965035	0	0.939185	10	0.08569712	0.2608695	0.02097222	0.04486111	362.1938	0	1	-48.1276204400118	-0.336556786293789
hsa:5290	8	6	1237	6.03496503496504	0.034965034965035	0	0.939185	10	0.08569712	0.2608695	0.02034722	0.04895834	362.1938	0	1	-48.1276204400118	-0.336556786293789
hsa:5295	8	6	1237	6.03496503496504	0.034965034965035	0	0.939185	10	0.08569712	0.2608695	0.02027778	0.04284722	362.1938	0	1	-48.1276204400118	-0.336556786293789
hsa:5293	8	6	1237	6.03496503496504	0.034965034965035	0	0.939185	10	0.08569712	0.2608695	0.01881944	0.04625	362.1938	0	1	-48.1276204400118	-0.336556786293789
hsa:2064	8	6	1566	24.0427547976499	0.0427547976499025	322	1.1245	19	0.08846088	0.508015	0.03951389	0.05805556	20.04821	0	1	-45.1554464546245	-0.315772352829542
hsa:8503	8	6	1237	6.03496503496504	0.034965034965035	0	0.939185	10	0.08569712	0.2608695	0.02083333	0.03972222	362.1938	0	1	-48.1276204400118	-0.336556786293789
hsa:11211	12	31	3164	56.2010739260739	0.201073926073926	66.10001	0.7	14	0.08215936	1.16582	0.2068056	0.04819445	52.58895	5	0	-18.6045906607099	-0.130102032592377
hsa:8324	12	31	3164	56.2010739260739	0.201073926073926	66.10001	0.7	14	0.08215936	1.16582	0.2022917	0.05145833	52.58895	5	0	-18.6045906607099	-0.130102032592377
hsa:2535	12	31	3164	56.2010739260739	0.201073926073926	66.10001	0.7	14	0.08215936	1.16582	0.2004861	0.04791667	52.58895	5	0	-18.6045906607099	-0.130102032592377
hsa:7855	12	31	3164	56.2010739260739	0.201073926073926	66.10001	0.7	14	0.08215936	1.16582	0.2143055	0.04729167	52.58895	5	0	-18.6045906607099	-0.130102032592377
hsa:8321	12	31	3164	56.2010739260739	0.201073926073926	66.10001	0.7	14	0.08215936	1.16582	0.1773611	0.05736111	52.58895	5	0	-18.6045906607099	-0.130102032592377
hsa:8325	12	31	3164	56.2010739260739	0.201073926073926	66.10001	0.7	14	0.08215936	1.16582	0.1936806	0.05152778	52.58895	5	0	-18.6045906607099	-0.130102032592377
hsa:8323	12	31	3164	56.2010739260739	0.201073926073926	66.10001	0.7	14	0.08215936	1.16582	0.1809722	0.05638889	52.58895	5	0	-18.6045906607099	-0.130102032592377
hsa:8326	12	31	3164	56.2010739260739	0.201073926073926	66.10001	0.7	14	0.08215936	1.16582	0.213125	0.04854167	52.58895	5	0	-18.6045906607099	-0.130102032592377
hsa:8322	12	31	3164	56.2010739260739	0.201073926073926	66.10001	0.7	14	0.08215936	1.16582	0.2072222	0.05180556	52.58895	5	0	-18.6045906607099	-0.130102032592377
hsa:7976	12	31	3164	56.2010739260739	0.201073926073926	66.10001	0.7	14	0.08215936	1.16582	0.1969444	0.04645833	52.58895	5	0	-18.6045906607099	-0.130102032592377
hsa:6464	8	4	1066	17.03108003108	0.0310800310800311	126.75	0.95056	9	0.08569712	0.5293449	0.01618056	0.04548611	123.0016	0	1	-44.7665163307647	-0.313052561753599
hsa:399694	8	4	1066	17.03108003108	0.0310800310800311	126.75	0.95056	9	0.08569712	0.5293449	0.01881944	0.04472222	123.0016	0	1	-44.7665163307647	-0.313052561753599
hsa:1855	12	7	2278	25.0687312687313	0.0687312687312687	278	1.4	15	0.08890951	0.5062274	0.02041667	0.04284722	344.4896	5	1	-45.1447118635709	-0.315697285759237
hsa:1857	12	7	2278	25.0687312687313	0.0687312687312687	278	1.4	15	0.08890951	0.5062274	0.01770833	0.04756945	344.4896	5	1	-45.1447118635709	-0.315697285759237
hsa:9965	18	18	5912	42.168628923524	0.168628923524028	0	0.7	18	0.08215936	1.159855	0.1484722	0.05090278	84.09018	2	0	-24.7941497431162	-0.173385662539274
hsa:2250	18	18	5912	42.168628923524	0.168628923524028	0	0.7	18	0.08215936	1.159855	0.1489583	0.05451389	84.09018	2	0	-24.7941497431162	-0.173385662539274
hsa:2248	18	18	5912	42.168628923524	0.168628923524028	0	0.7	18	0.08215936	1.159855	0.1513889	0.04125	84.09018	2	0	-24.7941497431162	-0.173385662539274
hsa:27006	18	18	5912	42.168628923524	0.168628923524028	0	0.7	18	0.08215936	1.159855	0.1511111	0.04548611	84.09018	2	0	-24.7941497431162	-0.173385662539274
hsa:2252	18	18	5912	42.168628923524	0.168628923524028	0	0.7	18	0.08215936	1.159855	0.1538194	0.04583333	84.09018	2	0	-24.7941497431162	-0.173385662539274
hsa:2246	18	18	5912	42.168628923524	0.168628923524028	0	0.7	18	0.08215936	1.159855	0.1458333	0.05041667	84.09018	2	0	-24.7941497431162	-0.173385662539274
hsa:8822	18	18	5912	42.168628923524	0.168628923524028	0	0.7	18	0.08215936	1.159855	0.1541667	0.05368055	84.09018	2	0	-24.7941497431162	-0.173385662539274
hsa:2247	18	18	5912	42.168628923524	0.168628923524028	0	0.7	18	0.08215936	1.159855	0.1478472	0.04618055	84.09018	2	0	-24.7941497431162	-0.173385662539274
hsa:2253	18	18	5912	42.168628923524	0.168628923524028	0	0.7	18	0.08215936	1.159855	0.1475	0.03895833	84.09018	2	0	-24.7941497431162	-0.173385662539274
hsa:2255	18	18	5912	42.168628923524	0.168628923524028	0	0.7	18	0.08215936	1.159855	0.1529167	0.05173611	84.09018	2	0	-24.7941497431162	-0.173385662539274
hsa:26291	18	18	5912	42.168628923524	0.168628923524028	0	0.7	18	0.08215936	1.159855	0.1486806	0.04659722	84.09018	2	0	-24.7941497431162	-0.173385662539274
hsa:8817	18	18	5912	42.168628923524	0.168628923524028	0	0.7	18	0.08215936	1.159855	0.1559028	0.05166667	84.09018	2	0	-24.7941497431162	-0.173385662539274
hsa:2254	18	18	5912	42.168628923524	0.168628923524028	0	0.7	18	0.08215936	1.159855	0.1497222	0.04701389	84.09018	2	0	-24.7941497431162	-0.173385662539274
hsa:8823	18	18	5912	42.168628923524	0.168628923524028	0	0.7	18	0.08215936	1.159855	0.1540972	0.04902778	84.09018	2	0	-24.7941497431162	-0.173385662539274
hsa:2249	18	18	5912	42.168628923524	0.168628923524028	0	0.7	18	0.08215936	1.159855	0.1511111	0.04819445	84.09018	2	0	-24.7941497431162	-0.173385662539274
hsa:8074	18	18	5912	42.168628923524	0.168628923524028	0	0.7	18	0.08215936	1.159855	0.15	0.054375	84.09018	2	0	-24.7941497431162	-0.173385662539274
hsa:26281	18	18	5912	42.168628923524	0.168628923524028	0	0.7	18	0.08215936	1.159855	0.149375	0.04701389	84.09018	2	0	-24.7941497431162	-0.173385662539274
hsa:2251	18	18	5912	42.168628923524	0.168628923524028	0	0.7	18	0.08215936	1.159855	0.1524305	0.05527778	84.09018	2	0	-24.7941497431162	-0.173385662539274
hsa:81029	20	31	8248	56.2055278055278	0.205527805527806	0	0.7	20	0.08215936	1.100229	0.2318056	0.0575	130.0006	3	0	-13.1290640470832	-0.0918116366928894
hsa:7480	20	31	8248	56.2055278055278	0.205527805527806	0	0.7	20	0.08215936	1.100229	0.2284722	0.05756944	130.0006	3	0	-13.1290640470832	-0.0918116366928894
hsa:7474	20	31	8248	56.2055278055278	0.205527805527806	0	0.7	20	0.08215936	1.100229	0.2318056	0.05597222	130.0006	3	0	-13.1290640470832	-0.0918116366928894
hsa:7483	20	31	8248	56.2055278055278	0.205527805527806	0	0.7	20	0.08215936	1.100229	0.2277778	0.05972222	130.0006	3	0	-13.1290640470832	-0.0918116366928894
hsa:7484	20	31	8248	56.2055278055278	0.205527805527806	0	0.7	20	0.08215936	1.100229	0.2307639	0.05472222	130.0006	3	0	-13.1290640470832	-0.0918116366928894
hsa:7475	20	31	8248	56.2055278055278	0.205527805527806	0	0.7	20	0.08215936	1.100229	0.2239583	0.05465278	130.0006	3	0	-13.1290640470832	-0.0918116366928894
hsa:51384	20	31	8248	56.2055278055278	0.205527805527806	0	0.7	20	0.08215936	1.100229	0.2195139	0.04576389	130.0006	3	0	-13.1290640470832	-0.0918116366928894
hsa:7479	20	31	8248	56.2055278055278	0.205527805527806	0	0.7	20	0.08215936	1.100229	0.228125	0.05715278	130.0006	3	0	-13.1290640470832	-0.0918116366928894
hsa:7477	20	31	8248	56.2055278055278	0.205527805527806	0	0.7	20	0.08215936	1.100229	0.2320139	0.05868056	130.0006	3	0	-13.1290640470832	-0.0918116366928894
hsa:7473	20	31	8248	56.2055278055278	0.205527805527806	0	0.7	20	0.08215936	1.100229	0.2331944	0.05479167	130.0006	3	0	-13.1290640470832	-0.0918116366928894
hsa:7478	20	31	8248	56.2055278055278	0.205527805527806	0	0.7	20	0.08215936	1.100229	0.2279167	0.06	130.0006	3	0	-13.1290640470832	-0.0918116366928894
hsa:7476	20	31	8248	56.2055278055278	0.205527805527806	0	0.7	20	0.08215936	1.100229	0.2309722	0.05423611	130.0006	3	0	-13.1290640470832	-0.0918116366928894
hsa:7472	20	31	8248	56.2055278055278	0.205527805527806	0	0.7	20	0.08215936	1.100229	0.2267361	0.04729167	130.0006	3	0	-13.1290640470832	-0.0918116366928894
hsa:80326	20	31	8248	56.2055278055278	0.205527805527806	0	0.7	20	0.08215936	1.100229	0.2315972	0.04923611	130.0006	3	0	-13.1290640470832	-0.0918116366928894
hsa:89780	20	31	8248	56.2055278055278	0.205527805527806	0	0.7	20	0.08215936	1.100229	0.2220139	0.05111111	130.0006	3	0	-13.1290640470832	-0.0918116366928894
hsa:7482	20	31	8248	56.2055278055278	0.205527805527806	0	0.7	20	0.08215936	1.100229	0.2295139	0.06277778	130.0006	3	0	-13.1290640470832	-0.0918116366928894
hsa:54361	20	31	8293	56.2055278055278	0.205527805527806	184	0.77	21	0.08283436	1.102369	0.2290972	0.05972222	132.444	3	1	-11.8736405912168	-0.0830324516868307
hsa:7481	20	31	8248	56.2055278055278	0.205527805527806	0	0.7	20	0.08215936	1.100229	0.2376389	0.060625	130.0006	3	0	-13.1290640470832	-0.0918116366928894
hsa:53358	8	4	1066	17.03108003108	0.0310800310800311	126.75	0.95056	9	0.08569712	0.5293449	0.01847222	0.04423611	123.0016	0	1	-44.7665163307647	-0.313052561753599
hsa:2260	18	6	6688	24.0786835431775	0.0786835431774703	414	4.48	28	0.09430964	0.508015	0.03951389	0.07041667	167.5335	2	1	-45.2028148756771	-0.316103600529211
hsa:5894	5	3	221	7.01748251748252	0.0174825174825175	65.33333	0.9685661	7	0.08421796	0.4469109	0.0175	0.02659722	50.22631	6	1	-46.860590786951	-0.327696439069587
hsa:369	5	3	221	7.01748251748252	0.0174825174825175	65.33333	0.9685661	7	0.08421796	0.4469109	0.01618056	0.02826389	50.22631	6	1	-46.860590786951	-0.327696439069587
hsa:4040	20	31	9968	56.2489094239094	0.248909423909424	535.5	0.7	30	0.08215936	1.991418	0.2372222	0.071875	105.1823	3	0	-9.72533325805765	-0.0680093234829206
hsa:7471	20	31	8293	56.2055278055278	0.205527805527806	184	0.77	21	0.08283436	1.102369	0.2336806	0.05652778	132.444	3	1	-11.8736405912168	-0.0830324516868307
hsa:51426	1	1	18	1	0	0	0.72625	1	0.08283436	0.15	0.006944444	0.02354167	161.7604	1	1	-48.491757485718	-0.339103199200825
hsa:1643	1	1	18	1	0	0	0.72625	1	0.08283436	0.15	0.006944444	0.02659722	161.7604	1	1	-48.491757485718	-0.339103199200825
hsa:578	1	1	18	1	0	0	0.72625	1	0.08283436	0.15	0.006944444	0.01756945	161.7604	1	1	-48.491757485718	-0.339103199200825
hsa:4616	3	3	36	3.01398601398601	0.013986013986014	0	0.72625	3	0.08283436	0.3461538	0.009861111	0.01993056	161.7604	1	1	-47.8100275444773	-0.334335856954387
hsa:595	5	7	522	7.03146853146853	0.0314685314685315	436	1.64746	14	0.08972237	0.6008277	0.0125	0.054375	483.2084	4	1	-46.0021534806078	-0.321693380983272
hsa:4041	20	31	9968	56.2489094239094	0.248909423909424	535.5	0.7	30	0.08215936	1.991419	0.2347917	0.08659722	105.1823	3	0	-9.72533325805765	-0.0680093234829206
hsa:1856	12	7	2278	25.0687312687313	0.0687312687312687	278	1.4	15	0.08890951	0.5062274	0.02159722	0.04069445	344.4896	5	1	-45.1447118635709	-0.315697285759237
hsa:4855	7	7	971	44.1265142265142	0.126514226514227	50	0.9625	15	0.08553443	0.7683412	0.04854167	0.05472222	25.61579	0	1	-43.4772193487436	-0.304036498942263
