Node name	K-shell	R-shell	K-Coreness	Hierarchical closeness	Closeness	Betweeness	Page rank in	Total degree	Katz	Page rank out	Epidemic SIR	Rumor spreading	Taxi passenger ranking	UW_ModuleID	Robustness	Sum Outside Loyality	Average Outside Loyality
hsa:4193	2	11	21	18.0827625570776	0.0827625570776256	72	0.91	2	0.1137733	1.236641	0.01837838	0.04	63.41567	0	1	-25.9438133538832	-0.355394703477852
hsa:1029	2	11	13	18.0908023483366	0.0908023483365949	73	0.7	2	0.1125075	1.813909	0.02297297	0.03175675	44.76976	0	0	-23.4278057736664	-0.320928846214609
hsa:4616	3	3	35	3.02739726027397	0.0273972602739726	0	0.7324333	3	0.1137877	0.3461538	0.02283784	0.04445946	87.33594	0	1	-33.0197228927665	-0.452324971133787
hsa:10912	3	3	35	3.02739726027397	0.0273972602739726	0	0.7324333	3	0.1137877	0.3461538	0.02148649	0.04459459	87.33594	0	1	-33.0197228927665	-0.452324971133787
hsa:7157	3	11	49	18.1254729288976	0.125472928897586	79	0.973	9	0.1137875	1.278404	0.03810811	0.05094595	7.336487	0	1	-26.1123633930053	-0.35770360812336
hsa:581	1	1	17	1	0	0	0.7324333	1	0.1137877	0.15	0.01351351	0.03905405	87.33594	0	1	-33.7015410717465	-0.461664946188308
hsa:595	2	11	23	18.0867579908676	0.0867579908675799	104	0.7	4	0.1125075	2.883639	0.03081081	0.03972973	72.27914	0	0	-21.9764766967423	-0.301047625982772
hsa:1019	2	11	28	18.0689497716895	0.0689497716894978	34	0.7	3	0.1125075	1.531169	0.03081081	0.03405406	73.59634	0	0	-22.3509053346064	-0.306176785405567
hsa:1871	3	11	31	18.0601163296369	0.0601163296368776	0	0.7	3	0.1125075	1.118226	0.03081081	0.04108108	73.99528	0	0	-24.0302530410276	-0.329181548507228
hsa:1870	3	11	31	18.0601163296369	0.0601163296368776	0	0.7	3	0.1125075	1.118226	0.02783784	0.04175676	73.99528	0	0	-24.0302530410276	-0.329181548507228
hsa:2475	3	1	27	1	0	0	1.33	3	0.1163048	0.15	0.01351351	0.03635135	285.6686	4	1	-33.9515410717465	-0.465089603722555
hsa:10000	3	3	27	4.03082191780822	0.0308219178082192	0	0.7	3	0.1125075	1.283257	0.02391892	0.03743243	3.443784	4	0	-30.1011425625998	-0.412344418665751
hsa:1869	3	11	31	18.0601163296369	0.0601163296368776	0	0.7	3	0.1125075	1.118226	0.02986486	0.04054054	73.99528	0	0	-24.0302530410276	-0.329181548507228
hsa:5925	3	11	41	18.0593770384866	0.0593770384866275	63	0.7	5	0.1125075	1.968126	0.03297297	0.04297297	73.90704	0	0	-22.1217508906116	-0.303037683433036
hsa:5155	3	6	215	29.0752233687165	0.0752233687165194	0	0.7	3	0.1125075	3.672506	0.06391892	0.04554054	3.443785	1	0	-24.7994744152466	-0.339718827606118
hsa:5154	3	6	215	29.0752233687165	0.0752233687165194	0	0.7	3	0.1125075	3.672506	0.05364865	0.07175676	3.443784	1	0	-24.7994744152466	-0.339718827606118
hsa:208	3	3	27	4.03082191780822	0.0308219178082192	0	0.7	3	0.1125075	1.283257	0.02351351	0.03418919	3.443785	4	0	-30.1011425625998	-0.412344418665751
hsa:207	3	3	27	4.03082191780822	0.0308219178082192	0	0.7	3	0.1125075	1.283257	0.02256757	0.03418919	3.443785	4	0	-30.1011425625998	-0.412344418665751
hsa:3479	1	6	87	27.054675423511	0.0546754235110399	0	0.7	1	0.1125075	0.5809931	0.035	0.1012162	16.0013	1	0	-29.7249179010696	-0.407190656179036
hsa:3480	7	6	877	26.0779680365297	0.0779680365296803	25	0.91	13	0.1137733	0.5070508	0.08175676	0.1325676	0.9412526	1	1	-30.7249092003169	-0.420889167127628
hsa:7039	1	6	88	27.054675423511	0.0546754235110399	0	0.7	1	0.1125075	0.3654965	0.03689189	0.08783784	16.0013	1	0	-31.379892408235	-0.429861539838836
hsa:1956	7	6	884	26.0779680365297	0.0779680365296803	50	1.12	14	0.1150391	0.5070508	0.08743243	0.1133784	1.882505	1	1	-30.8915758669835	-0.423172272150459
hsa:5605	4	2	191	4.02054794520548	0.0205479452054795	40	1.096352	6	0.1164527	0.3410852	0.02472973	0.06364865	24.65193	3	1	-32.8713975310766	-0.450293116864064
hsa:5595	3	2	61	2.01369863013699	0.0136986301369863	0	1.028906	3	0.1151278	0.2093023	0.01648649	0.03527027	548.7269	3	1	-33.6560865262919	-0.461042281182081
hsa:5594	3	2	61	2.01369863013699	0.0136986301369863	0	1.028906	3	0.1151278	0.2093023	0.01621622	0.03662162	548.7269	3	1	-33.6560865262919	-0.461042281182081
hsa:5604	4	2	191	4.02054794520548	0.0205479452054795	40	1.096352	6	0.1164527	0.3410852	0.02486487	0.04743243	24.65193	3	1	-32.8713975310766	-0.450293116864064
hsa:2885	5	6	296	19.049217221135	0.0492172211350293	180	1.694	6	0.117803	0.5068296	0.03918919	0.08527027	105.8672	1	1	-31.161159772118	-0.42686520235778
hsa:6654	5	6	738	18.0707762557078	0.0707762557077626	85	0.9541	5	0.1138328	0.4197995	0.05310811	0.06824324	40.80064	2	1	-32.171254289204	-0.440702113550739
hsa:5336	5	2	406	2.01369863013699	0.0136986301369863	0	0.8283333	5	0.1176703	0.1807229	0.01662162	0.1017568	141.4916	1	1	-33.8567134855396	-0.463790595692323
hsa:5159	7	6	1003	27.0916666666667	0.0916666666666666	25	0.91	15	0.1150391	0.7075127	0.105	0.1113513	0.430473	1	1	-29.6872441109649	-0.406674576862533
hsa:5335	5	2	406	2.01369863013699	0.0136986301369863	0	0.8283333	5	0.1176703	0.1807229	0.01621622	0.08135135	141.4916	1	1	-33.8567134855396	-0.463790595692323
hsa:5156	7	6	1003	27.0916666666667	0.0916666666666666	25	0.91	15	0.1150391	0.7075127	0.09527027	0.1104054	0.430473	1	1	-29.6872441109649	-0.406674576862533
hsa:5582	5	6	740	19.062915851272	0.0629158512720156	0	0.7	5	0.1125075	1.609119	0.08689189	0.1012162	0.007044839	2	0	-28.3905698296102	-0.388911915474112
hsa:5579	5	6	740	19.062915851272	0.0629158512720156	0	0.7	5	0.1125075	1.609119	0.08648649	0.1281081	0.007044839	2	0	-28.3905698296102	-0.388911915474112
hsa:3845	10	6	3180	16.0963470319635	0.0963470319634703	129.3334	1.80782	24	0.1297901	0.5375574	0.09013513	0.1568919	9.600945	2	1	-31.0128695327116	-0.424833829215227
hsa:5578	5	6	740	19.062915851272	0.0629158512720156	0	0.7	5	0.1125075	1.609119	0.08	0.1189189	0.007044839	2	0	-28.3905698296102	-0.388911915474112
hsa:673	5	3	806	7.03767123287671	0.0376712328767123	49.33334	0.880782	7	0.1168882	0.4469109	0.03256757	0.07810811	9.830487	3	1	-32.0703745975673	-0.439320199966676
hsa:5894	5	3	806	7.03767123287671	0.0376712328767123	49.33334	0.880782	7	0.1168882	0.4469109	0.03608108	0.09513514	9.830487	3	1	-32.0703745975673	-0.439320199966676
hsa:4893	10	6	3180	16.0963470319635	0.0963470319634703	129.3334	1.80782	24	0.1297901	0.5375574	0.09445946	0.152027	9.600945	2	1	-31.0128695327116	-0.424833829215227
hsa:6655	5	6	738	18.0707762557078	0.0707762557077626	85	0.9541	5	0.1138328	0.4197995	0.06918919	0.1051351	40.80064	2	1	-32.171254289204	-0.440702113550739
hsa:5293	8	6	1523	6.06849315068493	0.0684931506849315	0	0.9449486	12	0.122051	0.232258	0.03932432	0.1227027	327.1628	1	1	-33.5397014364555	-0.459447964882952
hsa:8503	8	6	1523	6.06849315068493	0.0684931506849315	0	0.9449486	12	0.122051	0.232258	0.04351351	0.1366216	327.1628	1	1	-33.5397014364555	-0.459447964882952
hsa:5291	8	6	1523	6.06849315068493	0.0684931506849315	0	0.9449486	12	0.122051	0.232258	0.0372973	0.1248649	327.1628	1	1	-33.5397014364555	-0.459447964882952
hsa:5295	8	6	1523	6.06849315068493	0.0684931506849315	0	0.9449486	12	0.122051	0.232258	0.04162162	0.1143243	327.1628	1	1	-33.5397014364555	-0.459447964882952
hsa:5296	8	6	1523	6.06849315068493	0.0684931506849315	0	0.9449486	12	0.122051	0.232258	0.04364865	0.1162162	327.1628	1	1	-33.5397014364555	-0.459447964882952
hsa:5290	8	6	1523	6.06849315068493	0.0684931506849315	0	0.9449486	12	0.122051	0.232258	0.03905405	0.1314865	327.1628	1	1	-33.5397014364555	-0.459447964882952
hsa:8536	14	8	3614	24.1314090019569	0.131409001956947	14	0.88375	17	0.121368	0.4197995	0.1724324	0.1027027	0.03061848	2	1	-31.7717295163338	-0.435229171456627
hsa:51806	14	8	2984	31.1632420091324	0.16324200913242	0	0.7	14	0.1125075	2.359165	0.254054	0.08067568	0.0003095259	2	0	-10.8765944529562	-0.148994444561044
hsa:814	14	8	3614	24.1314090019569	0.131409001956947	14	0.88375	17	0.121368	0.4197995	0.162973	0.1109459	0.03061848	2	1	-31.7717295163338	-0.435229171456627
hsa:91860	14	8	2984	31.1632420091324	0.16324200913242	0	0.7	14	0.1125075	2.359165	0.2697297	0.08878379	0.0003095259	2	0	-10.8765944529562	-0.148994444561044
hsa:817	14	8	3614	24.1314090019569	0.131409001956947	14	0.88375	17	0.121368	0.4197995	0.1728378	0.09689189	0.03061848	2	1	-31.7717295163338	-0.435229171456627
hsa:805	14	8	2984	31.1632420091324	0.16324200913242	0	0.7	14	0.1125075	2.359165	0.2454054	0.09932432	0.0003095259	2	0	-10.8765944529562	-0.148994444561044
hsa:810	14	8	2984	31.1632420091324	0.16324200913242	0	0.7	14	0.1125075	2.359165	0.2506757	0.07756757	0.0003095259	2	0	-10.8765944529562	-0.148994444561044
hsa:57172	14	8	3614	24.1314090019569	0.131409001956947	14	0.88375	17	0.121368	0.4197995	0.1621622	0.1193243	0.03061848	2	1	-31.7717295163338	-0.435229171456627
hsa:163688	14	8	2984	31.1632420091324	0.16324200913242	0	0.7	14	0.1125075	2.359165	0.2660811	0.08756757	0.0003095259	2	0	-10.8765944529562	-0.148994444561044
hsa:815	14	8	3614	24.1314090019569	0.131409001956947	14	0.88375	17	0.121368	0.4197995	0.1608108	0.1004054	0.03061848	2	1	-31.7717295163338	-0.435229171456627
hsa:818	14	8	3614	24.1314090019569	0.131409001956947	14	0.88375	17	0.121368	0.4197995	0.1555405	0.1190541	0.03061848	2	1	-31.7717295163338	-0.435229171456627
hsa:808	14	8	2984	31.1632420091324	0.16324200913242	0	0.7	14	0.1125075	2.359165	0.2391892	0.08918919	0.0003095259	2	0	-10.8765944529562	-0.148994444561044
hsa:801	14	8	2984	31.1632420091324	0.16324200913242	0	0.7	14	0.1125075	2.359165	0.2685135	0.08527027	0.0003095259	2	0	-10.8765944529562	-0.148994444561044
hsa:816	14	8	3614	24.1314090019569	0.131409001956947	14	0.88375	17	0.121368	0.4197995	0.1802703	0.1063514	0.03061848	2	1	-31.7717295163338	-0.435229171456627
hsa:6464	7	6	573	23.0810502283105	0.0810502283105023	29.25	0.8283333	8	0.1176703	0.4053728	0.04094595	0.07864865	37.66908	1	1	-32.0744134264186	-0.439375526389295
hsa:25759	7	6	573	23.0810502283105	0.0810502283105023	29.25	0.8283333	8	0.1176703	0.4053728	0.03364865	0.06648649	37.66908	1	1	-32.0744134264186	-0.439375526389295
hsa:53358	7	6	573	23.0810502283105	0.0810502283105023	29.25	0.8283333	8	0.1176703	0.4053728	0.04337838	0.07662162	37.66908	1	1	-32.0744134264186	-0.439375526389295
hsa:399694	7	6	573	23.0810502283105	0.0810502283105023	29.25	0.8283333	8	0.1176703	0.4053728	0.04486486	0.06662162	37.66908	1	1	-32.0744134264186	-0.439375526389295
hsa:3265	10	6	3180	16.0963470319635	0.0963470319634703	129.3334	1.80782	24	0.1297901	0.5375574	0.09162162	0.1733784	9.600945	2	1	-31.0128695327116	-0.424833829215227
hsa:369	5	3	806	7.03767123287671	0.0376712328767123	49.33334	0.880782	7	0.1168882	0.4469109	0.03121622	0.09959459	9.830487	3	1	-32.0703745975673	-0.439320199966676
hsa:51426	1	1	17	1	0	0	0.7324333	1	0.1137877	0.15	0.01351351	0.04864865	87.33594	0	1	-33.7015410717465	-0.461664946188308
hsa:1643	1	1	17	1	0	0	0.7324333	1	0.1137877	0.15	0.01351351	0.05351351	87.33594	0	1	-33.7015410717465	-0.461664946188308
hsa:578	1	1	17	1	0	0	0.7324333	1	0.1137877	0.15	0.01351351	0.04783784	87.33594	0	1	-33.7015410717465	-0.461664946188308
hsa:1647	3	3	35	3.02739726027397	0.0273972602739726	0	0.7324333	3	0.1137877	0.3461538	0.02148649	0.04135135	87.33594	0	1	-33.0197228927665	-0.452324971133787
hsa:1026	2	11	25	18.0654598825832	0.0654598825831703	17	0.7648667	2	0.1137877	0.7627677	0.01864865	0.03918919	89.76199	0	1	-25.8752795838447	-0.354455884710201
hsa:1021	2	11	28	18.0689497716895	0.0689497716894978	34	0.7	3	0.1125075	1.531169	0.03216216	0.03810811	73.59634	0	0	-22.3509053346064	-0.306176785405567
hsa:57118	14	8	3614	24.1314090019569	0.131409001956947	14	0.88375	17	0.121368	0.4197995	0.1586487	0.1282432	0.03061848	2	1	-31.7717295163338	-0.435229171456627
hsa:1950	1	6	88	27.054675423511	0.0546754235110399	0	0.7	1	0.1125075	0.3654965	0.02986486	0.08513513	16.0013	1	0	-31.379892408235	-0.429861539838836
