Node name	K-shell	R-shell	K-Coreness	Hierarchical closeness	Closeness	Betweeness	Page rank in	Total degree	Katz	Page rank out	Epidemic SIR	Rumor spreading	Taxi passenger ranking	UW_ModuleID	Robustness	Sum Outside Loyality	Average Outside Loyality
hsa:4088	1	7	5	7.04666666666667	0.0466666666666667	10	0.7	2	0.1132454	1.021851	0.02578947	0.03421053	76	4	0	-36.5790892631107	-0.487721190174809
hsa:4089	1	7	2	7.03444444444444	0.0344444444444444	0	0.7	1	0.1132454	0.5842832	0.02105263	0.035	76	4	0	-37.4396965121	-0.499195953494667
hsa:5970	2	3	24	3.02666666666667	0.0266666666666667	0	0.7	2	0.1132454	0.4076655	0.02526316	0.04	185.958	1	0	-39.7421355408912	-0.529895140545216
hsa:4790	2	3	24	3.02666666666667	0.0266666666666667	0	0.7	2	0.1132454	0.4076655	0.02342105	0.04263158	185.958	1	0	-39.7421355408912	-0.529895140545216
hsa:5781	1	1	48	1	0	0	0.73315	1	0.1145427	0.15	0.01315789	0.05986842	92.29524	6	1	-40.6544723720721	-0.542059631627628
hsa:9846	6	13	362	34.168657046657	0.168657046657047	31	0.7735	8	0.1145569	1.236318	0.1623684	0.06986842	0.6438892	6	1	-11.5918437369612	-0.154557916492816
hsa:7046	1	7	12	7.05333333333333	0.0533333333333333	16	0.7	2	0.1132454	0.8828628	0.02763158	0.04236842	76	4	0	-35.8963133057788	-0.478617510743718
hsa:7048	3	7	31	7.06444444444444	0.0644444444444444	18	0.7	4	0.1132454	1.405096	0.03473684	0.04210526	76	4	0	-34.7962882108372	-0.463950509477829
hsa:1871	3	11	30	18.0784603174603	0.0784603174603175	0	0.7	3	0.1132454	0.9490032	0.03447368	0.0368421	75.58748	7	0	-34.8260857889218	-0.464347810518958
hsa:1869	3	11	30	18.0784603174603	0.0784603174603175	0	0.7	3	0.1132454	0.9490032	0.03486842	0.03868421	75.58748	7	0	-34.8260857889218	-0.464347810518958
hsa:1488	3	6	39	6.05111111111111	0.0511111111111111	0	0.7	3	0.1132454	0.8376619	0.04473684	0.04026316	76	5	0	-34.1981423508585	-0.455975231344779
hsa:1487	3	6	39	6.05111111111111	0.0511111111111111	0	0.7	3	0.1132454	0.8376619	0.0406579	0.04513158	76	5	0	-34.1981423508585	-0.455975231344779
hsa:7043	3	7	28	7.05444444444444	0.0544444444444445	0	0.7	3	0.1132454	1.035168	0.03697369	0.03921053	76	4	0	-35.1574214497849	-0.468765619330466
hsa:7042	3	7	28	7.05444444444444	0.0544444444444445	0	0.7	3	0.1132454	1.035168	0.03328947	0.03947368	76	4	0	-35.1574214497849	-0.468765619330466
hsa:1647	3	3	37	3.02666666666667	0.0266666666666667	0	0.7334833	3	0.114543	0.3461538	0.02315789	0.04131579	106.6836	0	1	-39.9726541902655	-0.532968722536873
hsa:10912	3	3	37	3.02666666666667	0.0266666666666667	0	0.7334833	3	0.114543	0.3461538	0.02355263	0.04157895	106.6836	0	1	-39.9726541902655	-0.532968722536873
hsa:1643	1	1	19	1	0	0	0.7334833	1	0.114543	0.15	0.01315789	0.04421053	106.6836	0	1	-40.6544723720721	-0.542059631627628
hsa:7157	3	11	69	18.1275555555556	0.127555555555556	127	1.0045	9	0.1145859	1.152928	0.05736842	0.07065789	5.743382	0	1	-33.5114824417658	-0.44681976589021
hsa:1019	3	11	39	18.102	0.102	53.5	0.7	4	0.1132454	1.297156	0.04684211	0.04921053	66.5822	0	0	-33.963969356104	-0.452852924748053
hsa:1029	3	11	45	18.0955555555556	0.0955555555555556	73	0.7	3	0.1132454	0.9414113	0.03907895	0.06171053	45.82219	0	0	-34.8462522381608	-0.464616696508811
hsa:1021	3	11	39	18.102	0.102	53.5	0.7	4	0.1132454	1.297156	0.04776316	0.04894737	66.5822	0	0	-33.963969356104	-0.452852924748053
hsa:595	3	11	36	18.096	0.096	88	0.7	3	0.1132454	0.9625269	0.03723684	0.05026316	70.86327	0	0	-34.099081436814	-0.45465441915752
hsa:6777	3	2	129	3.02666666666667	0.0266666666666667	6.5	0.735	4	0.1158103	0.2686046	0.02302632	0.07013158	22.05416	2	1	-40.2756844932843	-0.537009126577123
hsa:598	3	1	50	1	0	0	1.3825	3	0.1171944	0.15	0.01315789	0.05105263	373.711	2	1	-40.9044723720721	-0.545392964960962
hsa:5925	3	11	36	18.0944444444444	0.0944444444444445	72	0.7	4	0.1132454	1.229362	0.03828947	0.04263158	74.79758	7	0	-34.1557266688598	-0.455409688918131
hsa:1870	3	11	30	18.0784603174603	0.0784603174603175	0	0.7	3	0.1132454	0.9490032	0.0368421	0.03894737	75.58748	7	0	-34.8260857889218	-0.464347810518958
hsa:2122	3	6	39	6.03555555555556	0.0355555555555556	0	0.7	3	0.1132454	0.8376618	0.03921053	0.04552631	76	5	0	-34.1981423508585	-0.455975231344779
hsa:861	3	6	39	6.05333333333333	0.0533333333333333	0	0.7	3	0.1132454	0.8376619	0.03184211	0.035	76	5	0	-34.1981423508585	-0.455975231344779
hsa:867	2	13	122	34.1035459355459	0.103545935545936	0	0.7	2	0.1132454	0.7050377	0.09539474	0.05513158	41.18557	6	0	-17.9660336707138	-0.239547115609518
hsa:1398	7	13	509	34.2169947089947	0.216994708994709	118	0.7	10	0.1132454	3.264974	0.1397368	0.09552632	37.89297	6	0	-11.0632124278175	-0.147509499037567
hsa:6655	5	3	156	12.0844444444444	0.0844444444444444	65	0.7735	5	0.1145569	0.9895709	0.08223684	0.08065789	1.860088	3	1	-34.5076744331698	-0.460102325775597
hsa:2885	5	13	202	34.1664761904762	0.16647619047619	166	0.735	5	0.1158103	2.04199	0.1231579	0.07552632	4.234451	2	1	-11.917207353453	-0.15889609804604
hsa:5594	3	2	61	2.01333333333333	0.0133333333333333	0	1.039115	3	0.1159005	0.2093023	0.0168421	0.04473684	478.853	3	1	-40.6090178266176	-0.541453571021568
hsa:5595	3	2	61	2.01333333333333	0.0133333333333333	0	1.039115	3	0.1159005	0.2093023	0.01723684	0.04171053	478.853	3	1	-40.6090178266176	-0.541453571021568
hsa:25	5	13	342	34.2266666666667	0.226666666666667	118	0.7	11	0.1132454	2.786498	0.1434211	0.1057895	5.540372	2	0	-11.6253662116733	-0.15500488282231
hsa:4609	2	1	104	1	0	0	0.735	2	0.1158103	0.15	0.01315789	0.04894737	120.3682	2	1	-40.8211390387388	-0.544281853849851
hsa:4893	5	3	219	10.0808888888889	0.0808888888888889	35	0.8547	7	0.11584	0.6572601	0.06644737	0.06407895	2.16397	3	1	-37.3079913676964	-0.497439884902619
hsa:6654	5	3	156	12.0844444444444	0.0844444444444444	65	0.7735	5	0.1145569	0.9895709	0.0681579	0.06552631	1.860088	3	1	-34.5076744331698	-0.460102325775597
hsa:3065	3	6	51	6.06	0.06	4	0.7	5	0.1132454	1.324504	0.04421053	0.04881579	76	5	0	-33.5743224399542	-0.447657632532722
hsa:3066	3	6	51	6.06	0.06	4	0.7	5	0.1132454	1.324504	0.0456579	0.04631579	76	5	0	-33.5743224399542	-0.447657632532722
hsa:3551	5	3	177	6.04222222222222	0.0422222222222222	3	0.805	6	0.1170927	0.3551631	0.03276316	0.06315789	1.456343	1	1	-39.665053622787	-0.52886738163716
hsa:4792	3	3	94	3.02666666666667	0.0266666666666667	12	1.4245	5	0.1172235	0.4965156	0.0225	0.05855263	193.7145	1	1	-39.5044732032303	-0.526726309376404
hsa:1027	3	1	102	1	0	0	0.805	3	0.1170927	0.15	0.01315789	0.05105263	114	1	1	-40.9044723720721	-0.545392964960962
hsa:208	5	11	206	30.1166243386243	0.116624338624339	0	0.7	8	0.1132454	4.454841	0.08921053	0.06302632	1.222123E-10	1	0	-24.9970226913575	-0.333293635884766
hsa:6464	5	4	179	4.04	0.04	0	0.77	5	0.1158103	0.3061224	0.03342105	0.07815789	164.7362	2	1	-40.0817450993448	-0.534423267991265
hsa:53358	5	4	179	4.04	0.04	0	0.77	5	0.1158103	0.3061224	0.03026316	0.07210527	164.7362	2	1	-40.0817450993448	-0.534423267991265
hsa:25759	5	4	179	4.04	0.04	0	0.77	5	0.1158103	0.3061224	0.03171053	0.07486842	164.7362	2	1	-40.0817450993448	-0.534423267991265
hsa:399694	5	4	179	4.04	0.04	0	0.77	5	0.1158103	0.3061224	0.02894737	0.07592105	164.7362	2	1	-40.0817450993448	-0.534423267991265
hsa:3845	5	3	219	10.0808888888889	0.0808888888888889	35	0.8547	7	0.11584	0.6572601	0.06868421	0.065	2.16397	3	1	-37.3079913676964	-0.497439884902619
hsa:3265	5	3	219	10.0808888888889	0.0808888888888889	35	0.8547	7	0.11584	0.6572601	0.06447368	0.06776316	2.16397	3	1	-37.3079913676964	-0.497439884902619
hsa:572	3	1	111	2.01333333333333	0.0133333333333333	3	0.805	4	0.1170927	0.1925	0.01736842	0.04289474	12.91698	1	1	-40.6544723720721	-0.542059631627628
hsa:207	5	11	206	30.1166243386243	0.116624338624339	0	0.7	8	0.1132454	4.454841	0.08644737	0.05815789	1.222123E-10	1	0	-24.9970226913575	-0.333293635884766
hsa:5894	5	3	221	7.04666666666667	0.0466666666666667	24	0.95641	7	0.1171809	0.4469109	0.04	0.06197368	2.647954	3	1	-39.023305897893	-0.520310745305239
hsa:5605	4	2	146	4.02666666666667	0.0266666666666667	21	1.130385	6	0.1172264	0.3410852	0.02802632	0.06539474	6.779912	3	1	-39.8243288314023	-0.530991051085364
hsa:369	5	3	221	7.04666666666667	0.0466666666666667	24	0.95641	7	0.1171809	0.4469109	0.04947368	0.06973685	2.647954	3	1	-39.023305897893	-0.520310745305239
hsa:5604	4	2	146	4.02666666666667	0.0266666666666667	21	1.130385	6	0.1172264	0.3410852	0.02934211	0.06486842	6.779912	3	1	-39.8243288314023	-0.530991051085364
hsa:613	5	13	342	34.2266666666667	0.226666666666667	118	0.7	11	0.1132454	2.786498	0.1501316	0.09907895	5.540372	2	0	-11.6253662116733	-0.15500488282231
hsa:6776	3	2	129	3.02666666666667	0.0266666666666667	6.5	0.735	4	0.1158103	0.2686046	0.02223684	0.05815789	22.05416	2	1	-40.2756844932843	-0.537009126577123
hsa:4193	3	11	130	18.0577936507937	0.0577936507936508	123	1.015	5	0.1183752	1.129988	0.02960526	0.06763158	25.24683	1	1	-33.4889189640819	-0.446518919521092
hsa:10000	5	11	206	30.1166243386243	0.116624338624339	0	0.7	8	0.1132454	4.454841	0.08842105	0.06578948	1.222123E-10	1	0	-24.9970226913575	-0.333293635884766
hsa:5293	7	13	445	34.1788888888889	0.178888888888889	6.500001	0.73315	8	0.1145427	1.504053	0.1505263	0.06907894	45.55031	6	1	-12.5659765646351	-0.167546354195135
hsa:8503	7	13	445	34.1788888888889	0.178888888888889	6.500001	0.73315	8	0.1145427	1.504053	0.1527632	0.08381579	45.55031	6	1	-12.5659765646351	-0.167546354195135
hsa:5295	7	13	445	34.1788888888889	0.178888888888889	6.500001	0.73315	8	0.1145427	1.504053	0.1590789	0.07894737	45.55031	6	1	-12.5659765646351	-0.167546354195135
hsa:5296	7	13	445	34.1788888888889	0.178888888888889	6.500001	0.73315	8	0.1145427	1.504053	0.1435526	0.08539474	45.55031	6	1	-12.5659765646351	-0.167546354195135
hsa:5290	7	13	445	34.1788888888889	0.178888888888889	6.500001	0.73315	8	0.1145427	1.504053	0.1367105	0.08592105	45.55031	6	1	-12.5659765646351	-0.167546354195135
hsa:5291	7	13	445	34.1788888888889	0.178888888888889	6.500001	0.73315	8	0.1145427	1.504053	0.1407895	0.06263158	45.55031	6	1	-12.5659765646351	-0.167546354195135
hsa:1147	5	3	177	6.04222222222222	0.0422222222222222	3	0.805	6	0.1170927	0.3551631	0.03473684	0.06118421	1.456343	1	1	-39.665053622787	-0.52886738163716
hsa:8517	5	3	177	6.04222222222222	0.0422222222222222	3	0.805	6	0.1170927	0.3551631	0.03131579	0.05894737	1.456343	1	1	-39.665053622787	-0.52886738163716
hsa:51426	1	1	19	1	0	0	0.7334833	1	0.114543	0.15	0.01315789	0.03381579	106.6836	0	1	-40.6544723720721	-0.542059631627628
hsa:578	1	1	19	1	0	0	0.7334833	1	0.114543	0.15	0.01315789	0.04921053	106.6836	0	1	-40.6544723720721	-0.542059631627628
hsa:581	1	1	19	1	0	0	0.7334833	1	0.114543	0.15	0.01315789	0.05342105	106.6836	0	1	-40.6544723720721	-0.542059631627628
hsa:4616	3	3	37	3.02666666666667	0.0266666666666667	0	0.7334833	3	0.114543	0.3461538	0.02184211	0.04342105	106.6836	0	1	-39.9726541902655	-0.532968722536873
hsa:1026	3	11	43	18.0771111111111	0.0771111111111111	41	0.7669666	3	0.114543	0.7012889	0.03236842	0.05486842	76.81393	0	1	-34.809214333644	-0.46412285778192
hsa:673	5	3	221	7.04666666666667	0.0466666666666667	24	0.95641	7	0.1171809	0.4469109	0.04644737	0.06578948	2.647954	3	1	-39.023305897893	-0.520310745305239
hsa:1399	7	13	509	34.2169947089947	0.216994708994709	118	0.7	10	0.1132454	3.264974	0.1706579	0.09973684	37.89297	6	0	-11.0632124278175	-0.147509499037567
hsa:7040	3	7	28	7.05444444444444	0.0544444444444445	0	0.7	3	0.1132454	1.035168	0.03144737	0.03973684	76	4	0	-35.1574214497849	-0.468765619330466
