Node name	K-shell	R-shell	K-Coreness	Hierarchical closeness	Closeness	Betweeness	Page rank in	Total degree	Katz	Page rank out	Epidemic SIR	Rumor spreading	Taxi passenger ranking	UW_ModuleID	Robustness	Sum Outside Loyality	Average Outside Loyality
hsa:5888	1	2	1	2.01351351351351	0.0135135135135135	0	0.7	1	0.1139256	0.9999425	0.0172	0.02666667	75	8	0	-36.6246747381389	-0.494928037001878
hsa:675	1	2	1	2.01351351351351	0.0135135135135135	0	0.7	1	0.1139256	0.9999425	0.01746667	0.02666667	75	8	0	-36.6246747381389	-0.494928037001878
hsa:595	2	8	16	8.06081081081081	0.0608108108108108	12	0.7	3	0.1139256	1.124778	0.0396	0.03653333	75	4	0	-31.87671184361	-0.430766376265
hsa:1029	1	8	5	8.04166666666667	0.0416666666666667	0	0.7	1	0.1139256	0.4686841	0.02253333	0.02853333	75	4	0	-33.8163203428111	-0.45697730192988
hsa:6199	2	2	30	2.01351351351351	0.0135135135135135	0	0.8176	2	0.1152679	0.2608695	0.0176	0.06106667	127.2163	2	1	-37.8234421504036	-0.511127596627075
hsa:6198	2	2	30	2.01351351351351	0.0135135135135135	0	0.8176	2	0.1152679	0.2608695	0.01773333	0.06533334	127.2163	2	1	-37.8234421504036	-0.511127596627075
hsa:4089	2	8	12	8.04842342342342	0.0484234234234234	0	0.7	2	0.1139256	0.7462102	0.02946667	0.03213333	75	6	0	-32.9237583152164	-0.44491565290833
hsa:4088	2	8	17	8.06081081081081	0.0608108108108108	5	0.7	3	0.1139256	1.052146	0.03546667	0.03866667	75	6	0	-32.2856391871684	-0.436292421448222
hsa:3716	2	11	55	14.0923423423423	0.0923423423423423	33	0.7	3	0.1139256	0.6387982	0.05173333	0.04053333	12.57086	7	0	-35.3430059185571	-0.47760818808861
hsa:6772	2	1	28	2.01351351351351	0.0135135135135135	6	0.805	2	0.1152235	0.181875	0.01733333	0.05453333	32.39355	7	1	-37.9234421504027	-0.512478947978415
hsa:7157	3	3	42	9.10810810810811	0.108108108108108	0	0.7	8	0.1139256	1.081731	0.05253333	0.05626667	3.836386E-08	0	0	-33.1234421557115	-0.44761408318529
hsa:581	1	1	14	1	0	0	0.72625	1	0.1152235	0.15	0.01333333	0.036	84.37489	0	1	-38.1234421504027	-0.515181650681118
hsa:5337	2	1	24	1	0	0	0.942445	2	0.1165514	0.15	0.01333333	0.052	189.4932	5	1	-38.2901088170694	-0.51743390293337
hsa:5898	3	4	52	11.079954954955	0.0799549549549549	8.5	0.80815	4	0.1152383	0.6848626	0.03813333	0.06693333	1.538286	5	1	-35.1479459580428	-0.474972242676255
hsa:7043	3	8	29	8.05968468468468	0.0596846846846847	0	0.7	3	0.1139256	0.9609168	0.03306667	0.038	75	6	0	-32.1145218149673	-0.433980024526585
hsa:7042	3	8	29	8.05968468468468	0.0596846846846847	0	0.7	3	0.1139256	0.9609168	0.03586667	0.0396	75	6	0	-32.1145218149673	-0.433980024526585
hsa:1869	3	8	31	8.06193693693694	0.0619369369369369	0	0.7	3	0.1139256	0.9468358	0.03346667	0.046	75	4	0	-31.4888411573895	-0.425524880505263
hsa:1870	3	8	31	8.06193693693694	0.0619369369369369	0	0.7	3	0.1139256	0.9468358	0.03493333	0.04213334	75	4	0	-31.4888411573895	-0.425524880505263
hsa:1019	2	8	25	8.06756756756757	0.0675675675675676	8	0.7	3	0.1139256	1.017185	0.036	0.04453333	75	4	0	-31.3550209728684	-0.423716499633357
hsa:1021	2	8	25	8.06756756756757	0.0675675675675676	8	0.7	3	0.1139256	1.017185	0.03666667	0.04253333	75	4	0	-31.3550209728684	-0.423716499633357
hsa:4087	2	8	17	8.06081081081081	0.0608108108108108	5	0.7	3	0.1139256	1.052146	0.02893333	0.0376	75	6	0	-32.2856391871684	-0.436292421448222
hsa:7046	2	8	23	8.06756756756757	0.0675675675675676	24	0.7	3	0.1139256	1.012613	0.03733333	0.04693333	75	6	0	-31.8872853508813	-0.430909261498395
hsa:5595	2	2	27	2.01351351351351	0.0135135135135135	0	0.780934	2	0.1152684	0.2608695	0.01866667	0.03773334	139.1723	3	1	-37.8234421504036	-0.511127596627075
hsa:5594	2	2	27	2.01351351351351	0.0135135135135135	0	0.780934	2	0.1152684	0.2608695	0.0168	0.04053333	139.1723	3	1	-37.8234421504036	-0.511127596627075
hsa:1647	3	3	32	3.02702702702703	0.027027027027027	0	0.72625	3	0.1152235	0.3461538	0.02373333	0.03986667	84.37489	0	1	-37.441623968596	-0.505967891467514
hsa:10912	3	3	32	3.02702702702703	0.027027027027027	0	0.72625	3	0.1152235	0.3461538	0.0236	0.0424	84.37489	0	1	-37.441623968596	-0.505967891467514
hsa:1956	6	11	327	14.1475225225225	0.147522522522523	94	0.7	11	0.1139256	2.324375	0.08906667	0.02826667	61.91928	1	0	-31.8307009090973	-0.430144606879694
hsa:1950	1	11	47	14.0837837837838	0.0837837837837838	0	0.7	1	0.1139256	0.3296107	0.03706667	0.03706667	66.4885	1	0	-36.3931109166674	-0.491798796171181
hsa:7048	3	8	34	8.07207207207207	0.0720720720720721	24	0.7	4	0.1139256	1.253675	0.0408	0.0504	75	6	0	-31.5582927573481	-0.42646341563984
hsa:7040	3	8	29	8.05968468468468	0.0596846846846847	0	0.7	3	0.1139256	0.9609168	0.03666667	0.03893333	75	6	0	-32.1145218149673	-0.433980024526585
hsa:6774	2	1	28	2.01351351351351	0.0135135135135135	6	0.805	2	0.1152235	0.181875	0.0188	0.04546667	32.39355	7	1	-37.9234421504027	-0.512478947978415
hsa:7422	2	1	134	1	0	0	2.066864	4	0.1194181	0.15	0.01333333	0.0872	1207.288	7	1	-38.4234421504027	-0.519235704735171
hsa:5899	3	4	52	11.079954954955	0.0799549549549549	8.5	0.80815	4	0.1152383	0.6848626	0.04573333	0.0612	1.538286	5	1	-35.1479459580428	-0.474972242676255
hsa:5900	3	4	72	12.068018018018	0.068018018018018	10	0.721	3	0.1152235	0.7321332	0.03786667	0.0676	0.4369502	5	1	-33.356113955809	-0.450758296700122
hsa:5925	3	8	41	8.07882882882883	0.0788288288288288	24	0.7	5	0.1139256	1.531201	0.04573333	0.05173333	75	4	0	-30.6053911886866	-0.413586367414684
hsa:1871	3	8	31	8.06193693693694	0.0619369369369369	0	0.7	3	0.1139256	0.9468358	0.03693333	0.0424	75	4	0	-31.4888411573895	-0.425524880505263
hsa:5599	3	3	40	3.02702702702703	0.027027027027027	0	0.780934	3	0.1152684	0.3461538	0.02226667	0.04106667	139.1723	3	1	-37.441623968596	-0.505967891467514
hsa:5601	3	3	40	3.02702702702703	0.027027027027027	0	0.780934	3	0.1152684	0.3461538	0.0244	0.04733333	139.1723	3	1	-37.441623968596	-0.505967891467514
hsa:5881	4	4	242	7.07432432432432	0.0743243243243243	7	0.8406833	7	0.1165514	0.3909648	0.05093333	0.07106667	7.029546	5	1	-37.0088986500359	-0.500120252027512
hsa:9459	3	4	99	8.06531531531532	0.0653153153153153	0	0.7	3	0.1139256	0.349392	0.04306667	0.07773333	0.02737174	5	0	-35.9862462171503	-0.486300624556086
hsa:998	4	4	121	7.05855855855856	0.0585585585585586	0	0.7706833	4	0.1152534	0.349392	0.04533333	0.04853333	11.83649	5	1	-37.2367885120221	-0.503199844757055
hsa:10928	4	4	139	8.07207207207207	0.0720720720720721	27	0.942445	6	0.1165514	0.4236378	0.05586667	0.0692	1.32092	5	1	-36.0561138939217	-0.487244782350293
hsa:5894	3	3	100	9.05067567567568	0.0506756756756757	2	0.721	4	0.1152235	0.7815956	0.04106667	0.06213333	0.4369502	3	1	-34.8082906353613	-0.470382305883261
hsa:673	3	3	100	9.05067567567568	0.0506756756756757	2	0.721	4	0.1152235	0.7815956	0.0416	0.06573334	0.4369502	3	1	-34.8082906353613	-0.470382305883261
hsa:572	4	1	214	2.01351351351351	0.0135135135135135	0	0.784	4	0.1178193	0.181875	0.01693333	0.06693333	7.7639	2	1	-38.1734421504027	-0.515857326356793
hsa:598	4	1	214	1	0	0	0.9772	4	0.1191616	0.15	0.01333333	0.0476	187.2362	2	1	-38.4234421504027	-0.519235704735171
hsa:5602	3	3	40	3.02702702702703	0.027027027027027	0	0.780934	3	0.1152684	0.3461538	0.02213333	0.04853333	139.1723	3	1	-37.441623968596	-0.505967891467514
hsa:5604	3	3	82	6.03378378378378	0.0337837837837838	20	1.3489	8	0.1178637	0.6659698	0.0408	0.0628	0.3277127	3	1	-35.173442150448	-0.475316785816864
hsa:5290	6	11	305	14.1175675675676	0.117567567567568	1.333333	0.721	7	0.1152235	0.8390091	0.0772	0.0656	67.09236	1	1	-33.2878065803047	-0.449835224058172
hsa:5293	6	11	305	14.1175675675676	0.117567567567568	1.333333	0.721	7	0.1152235	0.8390091	0.07666667	0.0724	67.09236	1	1	-33.2878065803047	-0.449835224058172
hsa:5291	6	11	305	14.1175675675676	0.117567567567568	1.333333	0.721	7	0.1152235	0.8390091	0.08026667	0.06773333	67.09236	1	1	-33.2878065803047	-0.449835224058172
hsa:5296	6	11	305	14.1175675675676	0.117567567567568	1.333333	0.721	7	0.1152235	0.8390091	0.08546667	0.0848	67.09236	1	1	-33.2878065803047	-0.449835224058172
hsa:8503	6	11	305	14.1175675675676	0.117567567567568	1.333333	0.721	7	0.1152235	0.8390091	0.07893334	0.07613333	67.09236	1	1	-33.2878065803047	-0.449835224058172
hsa:5295	6	11	305	14.1175675675676	0.117567567567568	1.333333	0.721	7	0.1152235	0.8390091	0.0828	0.07613333	67.09236	1	1	-33.2878065803047	-0.449835224058172
hsa:5880	4	4	242	7.07432432432432	0.0743243243243243	7	0.8406833	7	0.1165514	0.3909648	0.0472	0.0744	7.029546	5	1	-37.0088986500359	-0.500120252027512
hsa:5879	4	4	242	7.07432432432432	0.0743243243243243	7	0.8406833	7	0.1165514	0.3909648	0.0472	0.06786667	7.029546	5	1	-37.0088986500359	-0.500120252027512
hsa:3845	6	11	309	35.227027027027	0.227027027027027	0	0.7	10	0.1139256	2.047948	0.1336	0.1016	1.576395E-10	1	0	-17.8289115256257	-0.24093123683278
hsa:369	3	3	100	9.05067567567568	0.0506756756756757	2	0.721	4	0.1152235	0.7815956	0.04093333	0.07893334	0.4369502	3	1	-34.8082906353613	-0.470382305883261
hsa:207	7	3	495	15.1238738738739	0.123873873873874	0	0.7	11	0.1139256	3.713363	0.1038667	0.09093333	1.302302E-16	2	0	-27.0582827703314	-0.365652469869343
hsa:842	3	1	189	1	0	0	0.784	3	0.1178193	0.15	0.01333333	0.0872	105	2	1	-38.3734421504027	-0.518560029059496
hsa:10000	7	3	495	15.1238738738739	0.123873873873874	0	0.7	11	0.1139256	3.713363	0.0972	0.08906667	1.302302E-16	2	0	-27.0582827703314	-0.365652469869343
hsa:2475	3	2	199	3.02702702702703	0.027027027027027	6	0.784	5	0.1178193	0.3717391	0.02413333	0.07	0.5676624	2	1	-37.173442150405	-0.50234381284331
hsa:1147	7	3	413	6.06081081081081	0.0608108108108108	0	0.784	7	0.1178193	0.2784711	0.0368	0.0764	0.5676624	2	1	-37.6396031274621	-0.508643285506245
hsa:208	7	3	495	15.1238738738739	0.123873873873874	0	0.7	11	0.1139256	3.713363	0.09706666	0.08173333	1.302302E-16	2	0	-27.0582827703314	-0.365652469869343
hsa:3551	7	3	413	6.06081081081081	0.0608108108108108	0	0.784	7	0.1178193	0.2784711	0.03906666	0.06893333	0.5676624	2	1	-37.6396031274621	-0.508643285506245
hsa:8517	7	3	413	6.06081081081081	0.0608108108108108	0	0.784	7	0.1178193	0.2784711	0.03946667	0.06253333	0.5676624	2	1	-37.6396031274621	-0.508643285506245
hsa:4790	7	2	516	3.02702702702703	0.027027027027027	7.5	1.473107	11	0.1258296	0.1987705	0.02306667	0.09546667	84.9659	2	1	-38.2199559118706	-0.516485890700954
hsa:5970	7	2	516	3.02702702702703	0.027027027027027	7.5	1.473107	11	0.1258296	0.1987705	0.0232	0.1094667	84.9659	2	1	-38.2199559118706	-0.516485890700954
hsa:51426	1	1	14	1	0	0	0.72625	1	0.1152235	0.15	0.01333333	0.04853333	84.37489	0	1	-38.1234421504027	-0.515181650681118
hsa:1643	1	1	14	1	0	0	0.72625	1	0.1152235	0.15	0.01333333	0.04346666	84.37489	0	1	-38.1234421504027	-0.515181650681118
hsa:578	1	1	14	1	0	0	0.72625	1	0.1152235	0.15	0.01333333	0.05453333	84.37489	0	1	-38.1234421504027	-0.515181650681118
hsa:4616	3	3	32	3.02702702702703	0.027027027027027	0	0.72625	3	0.1152235	0.3461538	0.02226667	0.03706667	84.37489	0	1	-37.441623968596	-0.505967891467514
hsa:1026	1	1	14	1	0	0	0.72625	1	0.1152235	0.15	0.01333333	0.0468	84.37489	0	1	-38.1234421504027	-0.515181650681118
hsa:2064	1	11	47	14.0837837837838	0.0837837837837838	0	0.7	1	0.1139256	0.3296107	0.03586667	0.02733333	66.4885	1	0	-36.3931109166674	-0.491798796171181
hsa:7039	1	11	47	14.0837837837838	0.0837837837837838	0	0.7	1	0.1139256	0.3296107	0.0404	0.0304	66.4885	1	0	-36.3931109166674	-0.491798796171181
