Node name	K-shell	R-shell	K-Coreness	Hierarchical closeness	Closeness	Betweeness	Page rank in	Total degree	Katz	Page rank out	Epidemic SIR	Rumor spreading	Taxi passenger ranking	UW_ModuleID	Robustness	Sum Outside Loyality	Average Outside Loyality
hsa:51684	3	19	1910	48.3624384236453	0.36243842364532	93	0.91	5	0.1229528	3.398615	0.2620339	0.140678	20.40411	2	1	28.0053678012563	0.482851168987178
hsa:6608	1	19	68	49.2570607553366	0.257060755336617	0	0.7	1	0.1214771	1.594411	0.06728814	0.09627119	23.75087	2	0	24.9195468692829	0.429647359815223
hsa:5727	4	2	1978	2.01724137931034	0.0172413793103448	1	0.9388219	5	0.1274894	0.1886915	0.01864407	0.110678	94.77249	2	1	-12.8470473816035	-0.221500816924199
hsa:6469	1	2	71	3.02586206896552	0.0258620689655172	0	0.7	1	0.1214771	0.1820775	0.02	0.07762711	23.75087	2	0	-12.0144077081293	-0.207144960484988
hsa:51426	1	1	14	1	0	0	0.72625	1	0.1229528	0.15	0.01694915	0.04779661	66.37012	0	1	-12.7292939412391	-0.219470585193778
hsa:7157	3	3	42	9.13793103448276	0.137931034482759	0	0.7	8	0.1214771	1.081731	0.04338983	0.05440678	0.03882848	0	0	-7.7301644354372	-0.13327869716271
hsa:4616	3	3	32	3.03448275862069	0.0344827586206897	0	0.72625	3	0.1229528	0.3461538	0.02355932	0.04457627	66.37012	0	1	-12.0475227703798	-0.207715909834134
hsa:10912	3	3	32	3.03448275862069	0.0344827586206897	0	0.72625	3	0.1229528	0.3461538	0.02288136	0.04305085	66.37012	0	1	-12.0475227703798	-0.207715909834134
hsa:650	4	2	1974	2.01724137931034	0.0172413793103448	0	0.7288219	4	0.1260137	0.1904762	0.01830509	0.1023729	70.04515	2	1	-12.8082411268372	-0.220831743566158
hsa:652	4	2	1974	2.01724137931034	0.0172413793103448	0	0.7288219	4	0.1260137	0.1904762	0.02	0.09728814	70.04515	2	1	-12.8082411268372	-0.220831743566158
hsa:6934	4	4	68	4.05172413793103	0.0517241379310345	0	0.8050124	4	0.1229715	0.413793	0.02491525	0.05152543	116.3188	3	1	-11.6249821494529	-0.200430726714705
hsa:83439	4	4	68	4.05172413793103	0.0517241379310345	0	0.8050124	4	0.1229715	0.413793	0.02847458	0.04694915	116.3188	3	1	-11.6249821494529	-0.200430726714705
hsa:51176	4	4	68	4.05172413793103	0.0517241379310345	0	0.8050124	4	0.1229715	0.413793	0.02728814	0.04898305	116.3188	3	1	-11.6249821494529	-0.200430726714705
hsa:6932	4	4	68	4.05172413793103	0.0517241379310345	0	0.8050124	4	0.1229715	0.413793	0.02830509	0.05423729	116.3188	3	1	-11.6249821494529	-0.200430726714705
hsa:2932	4	4	944	6.05172413793103	0.0517241379310345	190	2.333886	4	0.1265707	0.5764654	0.02372881	0.07305085	612.5987	3	1	-9.6313222132096	-0.166057279538096
hsa:1499	4	4	104	5.06896551724138	0.0689655172413793	156	1.400166	5	0.1230147	0.5017241	0.03457627	0.0540678	116.7724	3	1	-9.87255336187492	-0.170216437273706
hsa:64399	3	1	1904	1	0	0	0.7288219	3	0.1260137	0.15	0.01694915	0.07813559	70.04515	2	1	-12.9792937584151	-0.223780926869225
hsa:2736	22	19	18513	46.5623563218391	0.56235632183908	43	0.791	28	0.1229707	2.608256	0.5447457	0.180339	0.846598	2	1	15.5279026666625	0.267722459770043
hsa:8643	4	2	1975	2.01724137931034	0.0172413793103448	0	0.7288219	4	0.1260137	0.1820775	0.01949153	0.07372881	80.56686	2	1	-12.8470473816035	-0.221500816924199
hsa:2737	22	19	18513	46.5623563218391	0.56235632183908	43	0.791	28	0.1229707	2.608256	0.5335593	0.1859322	0.846598	2	1	15.5279026666625	0.267722459770043
hsa:1857	12	4	8856	9.08333333333333	0.0833333333333333	70	1.815428	13	0.139767	0.3650468	0.02779661	0.1238983	357.8416	3	1	-11.369746180357	-0.196030106557879
hsa:1855	12	4	8856	9.08333333333333	0.0833333333333333	70	1.815428	13	0.139767	0.3650468	0.0279661	0.1689831	357.8416	3	1	-11.369746180357	-0.196030106557879
hsa:1856	12	4	8856	9.08333333333333	0.0833333333333333	70	1.815428	13	0.139767	0.3650468	0.02966102	0.1567797	357.8416	3	1	-11.369746180357	-0.196030106557879
hsa:8325	28	10	24454	19.2385057471264	0.238505747126437	22.5	1.115428	31	0.1505619	0.3131218	0.1361017	0.1720339	17.80819	1	1	-11.7648142064388	-0.202841624248945
hsa:81029	28	19	25404	38.5324712643678	0.532471264367816	5.999998	0.7288219	31	0.1260137	0.9028333	0.5083051	0.1559322	0.2950382	1	1	-4.07598685606577	-0.0702756354494099
hsa:7476	28	19	25404	38.5324712643678	0.532471264367816	5.999998	0.7288219	31	0.1260137	0.9028333	0.4981356	0.1466102	0.2950382	1	1	-4.07598685606577	-0.0702756354494099
hsa:7473	28	19	25404	38.5324712643678	0.532471264367816	5.999998	0.7288219	31	0.1260137	0.9028333	0.4877966	0.1532203	0.2950382	1	1	-4.07598685606577	-0.0702756354494099
hsa:8324	28	10	24454	19.2385057471264	0.238505747126437	22.5	1.115428	31	0.1505619	0.3131218	0.1347458	0.1552542	17.80819	1	1	-11.7648142064388	-0.202841624248945
hsa:8321	28	10	24454	19.2385057471264	0.238505747126437	22.5	1.115428	31	0.1505619	0.3131218	0.1262712	0.170339	17.80819	1	1	-11.7648142064388	-0.202841624248945
hsa:51384	28	19	25404	38.5324712643678	0.532471264367816	5.999998	0.7288219	31	0.1260137	0.9028333	0.5105085	0.1594915	0.2950382	1	1	-4.07598685606577	-0.0702756354494099
hsa:7471	28	19	25404	38.5324712643678	0.532471264367816	5.999998	0.7288219	31	0.1260137	0.9028333	0.4950847	0.1505085	0.2950382	1	1	-4.07598685606577	-0.0702756354494099
hsa:7481	28	19	25404	38.5324712643678	0.532471264367816	5.999998	0.7288219	31	0.1260137	0.9028333	0.4967797	0.1708475	0.2950382	1	1	-4.07598685606577	-0.0702756354494099
hsa:7855	28	10	24454	19.2385057471264	0.238505747126437	22.5	1.115428	31	0.1505619	0.3131218	0.1313559	0.1449153	17.80819	1	1	-11.7648142064388	-0.202841624248945
hsa:7483	28	19	25404	38.5324712643678	0.532471264367816	5.999998	0.7288219	31	0.1260137	0.9028333	0.5006779	0.1542373	0.2950382	1	1	-4.07598685606577	-0.0702756354494099
hsa:7472	28	19	25404	38.5324712643678	0.532471264367816	5.999998	0.7288219	31	0.1260137	0.9028333	0.5115255	0.1552542	0.2950382	1	1	-4.07598685606577	-0.0702756354494099
hsa:80326	28	19	25404	38.5324712643678	0.532471264367816	5.999998	0.7288219	31	0.1260137	0.9028333	0.4911864	0.1455932	0.2950382	1	1	-4.07598685606577	-0.0702756354494099
hsa:7482	28	19	25404	38.5324712643678	0.532471264367816	5.999998	0.7288219	31	0.1260137	0.9028333	0.5045763	0.169661	0.2950382	1	1	-4.07598685606577	-0.0702756354494099
hsa:11211	28	10	24454	19.2385057471264	0.238505747126437	22.5	1.115428	31	0.1505619	0.3131218	0.1261017	0.1672881	17.80819	1	1	-11.7648142064388	-0.202841624248945
hsa:2535	28	10	24454	19.2385057471264	0.238505747126437	22.5	1.115428	31	0.1505619	0.3131218	0.1183051	0.1652542	17.80819	1	1	-11.7648142064388	-0.202841624248945
hsa:7479	28	19	25404	38.5324712643678	0.532471264367816	5.999998	0.7288219	31	0.1260137	0.9028333	0.5094915	0.1538983	0.2950382	1	1	-4.07598685606577	-0.0702756354494099
hsa:7477	28	19	25404	38.5324712643678	0.532471264367816	5.999998	0.7288219	31	0.1260137	0.9028333	0.4984746	0.1477966	0.2950382	1	1	-4.07598685606577	-0.0702756354494099
hsa:7976	28	10	24454	19.2385057471264	0.238505747126437	22.5	1.115428	31	0.1505619	0.3131218	0.1205085	0.1623729	17.80819	1	1	-11.7648142064388	-0.202841624248945
hsa:8326	28	10	24454	19.2385057471264	0.238505747126437	22.5	1.115428	31	0.1505619	0.3131218	0.1359322	0.1579661	17.80819	1	1	-11.7648142064388	-0.202841624248945
hsa:7475	28	19	25404	38.5324712643678	0.532471264367816	5.999998	0.7288219	31	0.1260137	0.9028333	0.5072882	0.1561017	0.2950382	1	1	-4.07598685606577	-0.0702756354494099
hsa:89780	28	19	25404	38.5324712643678	0.532471264367816	5.999998	0.7288219	31	0.1260137	0.9028333	0.4989831	0.1722034	0.2950382	1	1	-4.07598685606577	-0.0702756354494099
hsa:7478	28	19	25404	38.5324712643678	0.532471264367816	5.999998	0.7288219	31	0.1260137	0.9028333	0.4944068	0.1588136	0.2950382	1	1	-4.07598685606577	-0.0702756354494099
hsa:7480	28	19	25404	38.5324712643678	0.532471264367816	5.999998	0.7288219	31	0.1260137	0.9028333	0.4879661	0.1710169	0.2950382	1	1	-4.07598685606577	-0.0702756354494099
hsa:54361	28	19	25404	38.5324712643678	0.532471264367816	5.999998	0.7288219	31	0.1260137	0.9028333	0.4989831	0.1535593	0.2950382	1	1	-4.07598685606577	-0.0702756354494099
hsa:2735	22	19	19709	46.5709770114943	0.570977011494253	43	0.8198218	31	0.1275073	2.931908	0.5635593	0.1227119	0.9435279	2	0	13.3290802730039	0.229811728844895
hsa:7474	28	19	25404	38.5324712643678	0.532471264367816	5.999998	0.7288219	31	0.1260137	0.9028333	0.491017	0.1572881	0.2950382	1	1	-4.07598685606577	-0.0702756354494099
hsa:8322	28	10	24454	19.2385057471264	0.238505747126437	22.5	1.115428	31	0.1505619	0.3131218	0.1144068	0.179661	17.80819	1	1	-11.7648142064388	-0.202841624248945
hsa:8323	28	10	24454	19.2385057471264	0.238505747126437	22.5	1.115428	31	0.1505619	0.3131218	0.1279661	0.1772881	17.80819	1	1	-11.7648142064388	-0.202841624248945
hsa:1643	1	1	14	1	0	0	0.72625	1	0.1229528	0.15	0.01694915	0.04677966	66.37012	0	1	-12.7292939412391	-0.219470585193778
hsa:578	1	1	14	1	0	0	0.72625	1	0.1229528	0.15	0.01694915	0.04949152	66.37012	0	1	-12.7292939412391	-0.219470585193778
hsa:581	1	1	14	1	0	0	0.72625	1	0.1229528	0.15	0.01694915	0.04440678	66.37012	0	1	-12.7292939412391	-0.219470585193778
hsa:1647	3	3	32	3.03448275862069	0.0344827586206897	0	0.72625	3	0.1229528	0.3461538	0.02372881	0.04101695	66.37012	0	1	-12.0475227703798	-0.207715909834134
hsa:1026	1	1	14	1	0	0	0.72625	1	0.1229528	0.15	0.01694915	0.05016949	66.37012	0	1	-12.7292939412391	-0.219470585193778
hsa:7484	28	19	25404	38.5324712643678	0.532471264367816	5.999998	0.7288219	31	0.1260137	0.9028333	0.4991525	0.1486441	0.2950382	1	1	-4.07598685606577	-0.0702756354494099
hsa:374654	1	19	68	48.2484400656814	0.248440065681445	0	0.7	1	0.1214771	1.594411	0.04220339	0.07305085	42.1249	2	0	7.91856418797442	0.13652696875818
