Node name	K-shell	R-shell	K-Coreness	Hierarchical closeness	Closeness	Betweeness	Page rank in	Total degree	Katz	Page rank out	Epidemic SIR	Rumor spreading	Taxi passenger ranking	UW_ModuleID	Robustness	Sum Outside Loyality	Average Outside Loyality
hsa:1950	1	13	7	26.0431675844941	0.0431675844941151	0	0.7	1	0.08157197	0.4412231	0.008310811	0.02033784	148.3006	3	0	-55.2775492219468	-0.376037749809162
hsa:1956	1	13	58	26.059637627945	0.0596376279449509	57	0.7	2	0.08157197	0.6852312	0.01493243	0.02344595	149.7693	3	0	-53.9158402732742	-0.366774423627716
hsa:7015	1	2	1	2.00340136054422	0.00340136054421769	0	0.7	1	0.08157197	0.9999421	0.00777027	0.01351351	148	10	0	-56.1528316913691	-0.381992052322239
hsa:7012	1	2	1	2.00340136054422	0.00340136054421769	0	0.7	1	0.08157197	0.9999421	0.008175676	0.01351351	148	10	0	-56.1528316913691	-0.381992052322239
hsa:3082	1	13	12	29.0481859410431	0.0481859410430839	0	0.7	1	0.08157197	0.6588503	0.009662163	0.01972973	77.54048	5	0	-49.2946546455781	-0.335337786704613
hsa:4233	2	13	108	28.0598212445151	0.0598212445151221	27	0.91	3	0.08223738	0.5986477	0.01608108	0.02722973	77.54048	5	1	-49.6848781599372	-0.337992368434947
hsa:6198	2	2	18	2.00680272108844	0.00680272108843537	0	0.859	2	0.08225366	0.2608695	0.007905405	0.01675676	280.3923	0	1	-57.2412989477626	-0.389396591481378
hsa:6199	2	2	18	2.00680272108844	0.00680272108843537	0	0.859	2	0.08225366	0.2608695	0.007905405	0.01824324	280.3923	0	1	-57.2412989477626	-0.389396591481378
hsa:83998	1	1	5	1	0	0	0.742	1	0.08223738	0.15	0.006756757	0.01722973	176.4413	1	1	-57.5412674107246	-0.391437193270235
hsa:1045	1	1	5	6.03401360544218	0.0340136054421769	0	0.7	5	0.08157197	0.7874999	0.01317568	0.01858108	5.793635	1	0	-54.5424053672125	-0.371036771205527
hsa:1027	2	8	12	8.02437641723356	0.0243764172335601	0	0.7	2	0.08157197	0.7462099	0.01033784	0.01797297	148	8	0	-53.9784902667639	-0.367200614059618
hsa:9134	2	8	17	8.03061224489796	0.0306122448979592	5	0.7	3	0.08157197	1.052145	0.01108108	0.01858108	148	8	0	-53.3619891399451	-0.363006728843164
hsa:3728	1	13	18	19.0360220278588	0.0360220278587626	0	0.7	1	0.08157197	0.5438	0.009932432	0.02060811	132.0537	7	0	-52.3371529579039	-0.356035054135401
hsa:999	3	13	90	19.0514739229025	0.0514739229024943	250	0.7	6	0.08157197	2.316489	0.02256757	0.0222973	99.90517	7	0	-48.1524497903172	-0.327567685648416
hsa:5915	3	4	27	4.02040816326531	0.0204081632653061	0	0.7	3	0.08157197	0.9999421	0.01243243	0.0170946	148	9	0	-53.8606183177176	-0.366398764066106
hsa:6257	3	4	27	4.02040816326531	0.0204081632653061	0	0.7	3	0.08157197	0.9999421	0.01243243	0.01777027	148	9	0	-53.8606183177176	-0.366398764066106
hsa:1869	3	8	29	8.03004535147392	0.0300453514739229	0	0.7	3	0.08157197	0.9609165	0.01317568	0.01756757	148	8	0	-53.2141551631222	-0.362001055531443
hsa:1870	3	8	29	8.03004535147392	0.0300453514739229	0	0.7	3	0.08157197	0.9609165	0.01324324	0.01864865	148	8	0	-53.2141551631222	-0.362001055531443
hsa:898	2	8	17	8.03061224489796	0.0306122448979592	5	0.7	3	0.08157197	1.052145	0.01263514	0.01743243	148	8	0	-53.3619891399451	-0.363006728843164
hsa:1017	2	8	23	8.03401360544218	0.0340136054421769	24	0.7	3	0.08157197	1.012613	0.01168919	0.01851351	148	8	0	-52.9337886465949	-0.360093800316972
hsa:7043	3	8	30	10.0327664399093	0.0327664399092971	0	0.7	3	0.08157197	1.014802	0.01243243	0.01777027	146.2016	2	0	-52.6193846455951	-0.357954997589082
hsa:7040	3	8	30	10.0327664399093	0.0327664399092971	0	0.7	3	0.08157197	1.014802	0.01175676	0.01837838	146.2016	2	0	-52.6193846455951	-0.357954997589082
hsa:6258	3	4	27	4.02040816326531	0.0204081632653061	0	0.7	3	0.08157197	0.9999421	0.0122973	0.01689189	148	9	0	-53.8606183177176	-0.366398764066106
hsa:6256	3	4	27	4.02040816326531	0.0204081632653061	0	0.7	3	0.08157197	0.9999421	0.01209459	0.01891892	148	9	0	-53.8606183177176	-0.366398764066106
hsa:1496	3	13	36	19.0428247489472	0.0428247489471979	0	0.7	3	0.08157197	1.254909	0.01425676	0.02040541	132.0537	7	0	-49.7129634909147	-0.338183425108263
hsa:29119	3	13	36	19.0428247489472	0.0428247489471979	0	0.7	3	0.08157197	1.254909	0.01614865	0.02128378	132.0537	7	0	-49.7129634909147	-0.338183425108263
hsa:7046	3	8	36	10.0396825396825	0.0396825396825397	30	0.7	4	0.08157197	1.363566	0.01560811	0.02094595	138.7529	2	0	-51.7924925362637	-0.352329881199073
hsa:7042	3	8	30	10.0327664399093	0.0327664399092971	0	0.7	3	0.08157197	1.014802	0.01195946	0.0172973	146.2016	2	0	-52.6193846455951	-0.357954997589082
hsa:1871	3	8	29	8.03004535147392	0.0300453514739229	0	0.7	3	0.08157197	0.9609165	0.01195946	0.01817568	148	8	0	-53.2141551631222	-0.362001055531443
hsa:5925	3	8	34	8.03628117913832	0.036281179138322	24	0.7	4	0.08157197	1.253674	0.01358108	0.01864865	148	8	0	-52.5952073137908	-0.357790525944155
hsa:4089	2	8	26	10.0289115646259	0.0289115646258503	0	0.7	2	0.08157197	0.9490647	0.01101351	0.01912162	83.72085	0	0	-52.9931085162343	-0.360497336845131
hsa:4088	3	8	43	10.0374149659864	0.0374149659863946	11	0.7	5	0.08157197	1.410127	0.01560811	0.02121622	36.70954	0	0	-52.2391660215651	-0.355368476337177
hsa:1030	2	1	26	1	0	0	0.91	2	0.08290277	0.15	0.006756757	0.01614865	325.8386	0	1	-57.7079335690861	-0.39257097666045
hsa:4087	3	8	43	10.0374149659864	0.0374149659863946	11	0.7	5	0.08157197	1.410127	0.01459459	0.0202027	36.70954	0	0	-52.2391660215651	-0.355368476337177
hsa:23401	4	13	508	24.0515387107224	0.0515387107223842	0	0.7	4	0.08157197	0.2734092	0.01797297	0.03040541	305	6	0	-56.947623004864	-0.387398795951456
hsa:10023	4	13	508	24.0515387107224	0.0515387107223842	0	0.7	4	0.08157197	0.2734092	0.01736487	0.03114865	305	6	0	-56.947623004864	-0.387398795951456
hsa:1452	4	13	86	19.0605442176871	0.0605442176870748	272.75	0.7	4	0.08157197	1.071133	0.02054054	0.02121622	124.1241	7	0	-50.3267940986525	-0.342359143528248
hsa:122011	4	13	86	19.0605442176871	0.0605442176870748	272.75	0.7	4	0.08157197	1.071133	0.02027027	0.02290541	124.1241	7	0	-50.3267940986525	-0.342359143528248
hsa:8312	4	13	109	19.0508098477486	0.0508098477486233	323.75	0.7	4	0.08157197	0.7283093	0.01385135	0.02675676	234.4788	7	0	-51.9531816076034	-0.353423004133356
hsa:8313	4	13	109	19.0508098477486	0.0508098477486233	323.75	0.7	4	0.08157197	0.7283093	0.01675676	0.02439189	234.4788	7	0	-51.9531816076034	-0.353423004133356
hsa:4616	3	3	44	3.01360544217687	0.0136054421768707	0	0.73168	3	0.08225366	0.3461538	0.009932432	0.02290541	180.7578	0	1	-56.8595374694838	-0.386799574622339
hsa:10912	3	3	44	3.01360544217687	0.0136054421768707	0	0.73168	3	0.08225366	0.3461538	0.009797297	0.025	180.7578	0	1	-56.8595374694838	-0.386799574622339
hsa:399694	5	13	185	26.0737668227464	0.0737668227464146	32.5	0.7	5	0.08157197	1.24304	0.02527027	0.02445946	96.0273	5	0	-48.4487921193134	-0.329583619859275
hsa:25759	5	13	185	26.0737668227464	0.0737668227464146	32.5	0.7	5	0.08157197	1.24304	0.02662162	0.025	96.0273	5	0	-48.4487921193134	-0.329583619859275
hsa:6464	5	13	185	26.0737668227464	0.0737668227464146	32.5	0.7	5	0.08157197	1.24304	0.0272973	0.02418919	96.0273	5	0	-48.4487921193134	-0.329583619859275
hsa:53358	5	13	185	26.0737668227464	0.0737668227464146	32.5	0.7	5	0.08157197	1.24304	0.02885135	0.0270946	96.0273	5	0	-48.4487921193134	-0.329583619859275
hsa:10297	4	13	84	19.0589569160998	0.0589569160997732	302.25	0.7	5	0.08157197	1.10212	0.01966216	0.02310811	163.7628	7	0	-50.6055858459875	-0.344255686027126
hsa:324	4	13	84	19.0589569160998	0.0589569160997732	302.25	0.7	5	0.08157197	1.10212	0.02121622	0.02513514	163.7628	7	0	-50.6055858459875	-0.344255686027126
hsa:7157	3	3	99	10.0249433106576	0.0249433106575964	27	0.88	12	0.08356818	1.124231	0.02054054	0.03195946	0.5252283	0	1	-53.0416005697208	-0.360827214760005
hsa:1643	1	1	26	1	0	0	0.73168	1	0.08225366	0.15	0.006756757	0.02851351	180.7578	0	1	-57.5412674107246	-0.391437193270235
hsa:207	3	13	124	35.0679030342296	0.0679030342295648	0	0.7	5	0.08157197	4.150821	0.02121622	0.02641892	1.575662	0	0	-45.3712173636575	-0.308647737167738
hsa:2475	3	2	58	3.01360544217687	0.0136054421768707	6	1.06	5	0.08356818	0.3717391	0.01	0.02168919	134.2283	0	1	-56.5913507985914	-0.384975175500621
hsa:51176	4	4	134	6.02721088435374	0.0272108843537415	24.75	0.76825	6	0.0822428	0.589655	0.01668919	0.02209459	33.77119	7	1	-55.4370255122156	-0.377122622532079
hsa:595	4	1	96	1	0	0	1.16095	4	0.08425546	0.15	0.006756757	0.02155405	532.9624	7	1	-57.8412669021843	-0.393478006137308
hsa:6934	4	4	134	6.02721088435374	0.0272108843537415	24.75	0.76825	6	0.0822428	0.589655	0.01621622	0.02452703	33.77119	7	1	-55.4370255122156	-0.377122622532079
hsa:4609	4	1	96	1	0	0	1.16095	4	0.08425546	0.15	0.006756757	0.01783784	532.9624	7	1	-57.8412669021843	-0.393478006137308
hsa:2885	5	3	501	13.017638483965	0.0176384839650146	420	2.3485	8	0.0856675	0.9911353	0.01317568	0.03358108	279.9686	5	1	-48.9347903522386	-0.332889730287338
hsa:6655	5	3	180	12.0249433106576	0.0249433106575964	180	1.052275	5	0.08227078	0.9895709	0.01844595	0.02412162	88.68349	5	1	-51.3947271505851	-0.349623994221667
hsa:5605	4	2	146	4.01020408163265	0.0102040816326531	44	1.137911	6	0.08361783	0.3410852	0.01135135	0.02202703	83.88171	5	1	-56.7111234256252	-0.385789955276362
hsa:5594	3	2	61	2.00680272108844	0.00680272108843537	0	1.041373	3	0.08293615	0.2093023	0.007837838	0.02074324	851.6998	5	1	-57.4958123718627	-0.391127975318794
hsa:5595	3	2	61	2.00680272108844	0.00680272108843537	0	1.041373	3	0.08293615	0.2093023	0.0075	0.01797297	851.6998	5	1	-57.4958123718627	-0.391127975318794
hsa:5604	4	2	146	4.01020408163265	0.0102040816326531	44	1.137911	6	0.08361783	0.3410852	0.01108108	0.02351351	83.88171	5	1	-56.7111234256252	-0.385789955276362
hsa:8503	6	13	323	26.0721092832738	0.072109283273749	27.83332	0.775425	7	0.08224907	0.7895781	0.03067568	0.02777027	205.1947	3	1	-49.6192823505294	-0.337546138438975
hsa:5291	6	13	323	26.0721092832738	0.072109283273749	27.83332	0.775425	7	0.08224907	0.7895781	0.02972973	0.03182432	205.1947	3	1	-49.6192823505294	-0.337546138438975
hsa:5293	6	13	323	26.0721092832738	0.072109283273749	27.83332	0.775425	7	0.08224907	0.7895781	0.02898649	0.03304054	205.1947	3	1	-49.6192823505294	-0.337546138438975
hsa:5295	6	13	323	26.0721092832738	0.072109283273749	27.83332	0.775425	7	0.08224907	0.7895781	0.0270946	0.0279054	205.1947	3	1	-49.6192823505294	-0.337546138438975
hsa:5296	6	13	323	26.0721092832738	0.072109283273749	27.83332	0.775425	7	0.08224907	0.7895781	0.02702703	0.02918919	205.1947	3	1	-49.6192823505294	-0.337546138438975
hsa:5290	6	13	323	26.0721092832738	0.072109283273749	27.83332	0.775425	7	0.08224907	0.7895781	0.02824324	0.02864865	205.1947	3	1	-49.6192823505294	-0.337546138438975
hsa:3265	5	3	219	10.0274376417234	0.027437641723356	88.66666	0.910455	7	0.08291417	0.6572601	0.02013513	0.02675676	59.2474	5	1	-54.1947883119604	-0.368672029333064
hsa:6654	5	3	180	12.0249433106576	0.0249433106575964	180	1.052275	5	0.08227078	0.9895709	0.01972973	0.02297297	88.68349	5	1	-51.3947271505851	-0.349623994221667
hsa:83439	4	4	134	6.02721088435374	0.0272108843537415	24.75	0.76825	6	0.0822428	0.589655	0.01695946	0.0222973	33.77119	7	1	-55.4370255122156	-0.377122622532079
hsa:1499	4	13	164	19.0640589569161	0.0640589569160998	538.5	0.91	8	0.08223738	1.500237	0.02635135	0.02432432	41.64171	7	1	-48.217760885944	-0.328011978815945
hsa:10000	3	13	124	35.0679030342296	0.0679030342295648	0	0.7	5	0.08157197	4.150821	0.02182432	0.02337838	1.575662	0	0	-45.3712173636575	-0.308647737167738
hsa:2932	4	13	548	19.0387755102041	0.0387755102040817	702	2.05	8	0.08572721	0.4595303	0.01513514	0.03236486	557.1697	0	1	-53.2132024584288	-0.361994574547135
hsa:3845	5	3	219	10.0274376417234	0.027437641723356	88.66666	0.910455	7	0.08291417	0.6572601	0.02297297	0.0270946	59.2474	5	1	-54.1947883119604	-0.368672029333064
hsa:5894	5	3	221	7.0187074829932	0.0187074829931973	54.66667	0.9731365	7	0.08360101	0.4469109	0.01506757	0.02925676	47.83678	5	1	-55.9101007119575	-0.380340821169779
hsa:673	5	3	221	7.0187074829932	0.0187074829931973	54.66667	0.9731365	7	0.08360101	0.4469109	0.01439189	0.02695946	47.83678	5	1	-55.9101007119575	-0.380340821169779
hsa:4893	5	3	219	10.0274376417234	0.027437641723356	88.66666	0.910455	7	0.08291417	0.6572601	0.02155405	0.02513514	59.2474	5	1	-54.1947883119604	-0.368672029333064
hsa:2549	6	13	599	27.0675440017277	0.0675440017276752	273	1.5085	8	0.0830059	0.7252637	0.02952703	0.03898649	126.5242	3	1	-45.4892959059332	-0.309450992557368
hsa:2263	18	13	5938	28.0598212445151	0.0598212445151221	486	4.48	20	0.09354915	0.5986477	0.01493243	0.04466216	705.6787	3	1	-50.1322460724496	-0.341035687567684
hsa:8324	12	31	3164	55.1909944930353	0.190994493035309	50.39999	0.7	14	0.08157197	1.063031	0.1955405	0.05128378	48.119	6	0	-27.0033309372604	-0.1836961288249
hsa:11211	12	31	3164	55.1909944930353	0.190994493035309	50.39999	0.7	14	0.08157197	1.063031	0.1956757	0.05459459	48.119	6	0	-27.0033309372604	-0.1836961288249
hsa:8325	12	31	3164	55.1909944930353	0.190994493035309	50.39999	0.7	14	0.08157197	1.063031	0.2029054	0.04810811	48.119	6	0	-27.0033309372604	-0.1836961288249
hsa:7976	12	31	3164	55.1909944930353	0.190994493035309	50.39999	0.7	14	0.08157197	1.063031	0.1969595	0.0570946	48.119	6	0	-27.0033309372604	-0.1836961288249
hsa:8321	12	31	3164	55.1909944930353	0.190994493035309	50.39999	0.7	14	0.08157197	1.063031	0.2075	0.06668919	48.119	6	0	-27.0033309372604	-0.1836961288249
hsa:2535	12	31	3164	55.1909944930353	0.190994493035309	50.39999	0.7	14	0.08157197	1.063031	0.1845946	0.05364865	48.119	6	0	-27.0033309372604	-0.1836961288249
hsa:8326	12	31	3164	55.1909944930353	0.190994493035309	50.39999	0.7	14	0.08157197	1.063031	0.1881081	0.04952703	48.119	6	0	-27.0033309372604	-0.1836961288249
hsa:7855	12	31	3164	55.1909944930353	0.190994493035309	50.39999	0.7	14	0.08157197	1.063031	0.1933108	0.04513514	48.119	6	0	-27.0033309372604	-0.1836961288249
hsa:8322	12	31	3164	55.1909944930353	0.190994493035309	50.39999	0.7	14	0.08157197	1.063031	0.1987838	0.05891892	48.119	6	0	-27.0033309372604	-0.1836961288249
hsa:8323	12	31	3164	55.1909944930353	0.190994493035309	50.39999	0.7	14	0.08157197	1.063031	0.1996622	0.04695946	48.119	6	0	-27.0033309372604	-0.1836961288249
hsa:1856	12	13	2285	24.0605334197171	0.0605334197170932	229.6667	1.4	15	0.08822596	0.3585636	0.0170946	0.05	356.4051	6	1	-56.0092802011277	-0.381015511572298
hsa:1857	12	13	2285	24.0605334197171	0.0605334197170932	229.6667	1.4	15	0.08822596	0.3585636	0.0179054	0.04398649	356.4051	6	1	-56.0092802011277	-0.381015511572298
hsa:2252	18	18	5843	46.1638321995465	0.163832199546485	0	0.7	18	0.08157197	1.18836	0.1297297	0.04972973	77.54048	3	0	-30.2807964974758	-0.205991812907999
hsa:2247	18	18	5843	46.1638321995465	0.163832199546485	0	0.7	18	0.08157197	1.18836	0.1318919	0.05195946	77.54048	3	0	-30.2807964974758	-0.205991812907999
hsa:2253	18	18	5843	46.1638321995465	0.163832199546485	0	0.7	18	0.08157197	1.18836	0.1225676	0.04945946	77.54048	3	0	-30.2807964974758	-0.205991812907999
hsa:2254	18	18	5843	46.1638321995465	0.163832199546485	0	0.7	18	0.08157197	1.18836	0.1346622	0.04574324	77.54048	3	0	-30.2807964974758	-0.205991812907999
hsa:26281	18	18	5843	46.1638321995465	0.163832199546485	0	0.7	18	0.08157197	1.18836	0.1260811	0.0502027	77.54048	3	0	-30.2807964974758	-0.205991812907999
hsa:2248	18	18	5843	46.1638321995465	0.163832199546485	0	0.7	18	0.08157197	1.18836	0.1247297	0.04655406	77.54048	3	0	-30.2807964974758	-0.205991812907999
hsa:2255	18	18	5843	46.1638321995465	0.163832199546485	0	0.7	18	0.08157197	1.18836	0.1298649	0.04993243	77.54048	3	0	-30.2807964974758	-0.205991812907999
hsa:2251	18	18	5843	46.1638321995465	0.163832199546485	0	0.7	18	0.08157197	1.18836	0.1291216	0.0479054	77.54048	3	0	-30.2807964974758	-0.205991812907999
hsa:8822	18	18	5843	46.1638321995465	0.163832199546485	0	0.7	18	0.08157197	1.18836	0.1289189	0.0472973	77.54048	3	0	-30.2807964974758	-0.205991812907999
hsa:26291	18	18	5843	46.1638321995465	0.163832199546485	0	0.7	18	0.08157197	1.18836	0.1332432	0.04547297	77.54048	3	0	-30.2807964974758	-0.205991812907999
hsa:27006	18	18	5843	46.1638321995465	0.163832199546485	0	0.7	18	0.08157197	1.18836	0.1327703	0.04743243	77.54048	3	0	-30.2807964974758	-0.205991812907999
hsa:8074	18	18	5843	46.1638321995465	0.163832199546485	0	0.7	18	0.08157197	1.18836	0.1250676	0.05067568	77.54048	3	0	-30.2807964974758	-0.205991812907999
hsa:2250	18	18	5843	46.1638321995465	0.163832199546485	0	0.7	18	0.08157197	1.18836	0.1318919	0.04141892	77.54048	3	0	-30.2807964974758	-0.205991812907999
hsa:2246	18	18	5843	46.1638321995465	0.163832199546485	0	0.7	18	0.08157197	1.18836	0.1301351	0.04925676	77.54048	3	0	-30.2807964974758	-0.205991812907999
hsa:8823	18	18	5843	46.1638321995465	0.163832199546485	0	0.7	18	0.08157197	1.18836	0.128446	0.05263514	77.54048	3	0	-30.2807964974758	-0.205991812907999
hsa:9965	18	18	5843	46.1638321995465	0.163832199546485	0	0.7	18	0.08157197	1.18836	0.1295946	0.04952703	77.54048	3	0	-30.2807964974758	-0.205991812907999
hsa:8817	18	18	5843	46.1638321995465	0.163832199546485	0	0.7	18	0.08157197	1.18836	0.1311487	0.05128378	77.54048	3	0	-30.2807964974758	-0.205991812907999
hsa:2249	18	18	5843	46.1638321995465	0.163832199546485	0	0.7	18	0.08157197	1.18836	0.1299324	0.04506757	77.54048	3	0	-30.2807964974758	-0.205991812907999
hsa:51384	20	31	8240	55.1970872475975	0.197087247597452	0	0.7	20	0.08157197	1.099685	0.2220946	0.05114865	124.7238	4	0	-21.9401404825345	-0.149252656343772
hsa:7482	20	31	8240	55.1970872475975	0.197087247597452	0	0.7	20	0.08157197	1.099685	0.2263514	0.05777027	124.7238	4	0	-21.9401404825345	-0.149252656343772
hsa:7484	20	31	8240	55.1970872475975	0.197087247597452	0	0.7	20	0.08157197	1.099685	0.2287838	0.0477027	124.7238	4	0	-21.9401404825345	-0.149252656343772
hsa:7472	20	31	8240	55.1970872475975	0.197087247597452	0	0.7	20	0.08157197	1.099685	0.2218919	0.05891892	124.7238	4	0	-21.9401404825345	-0.149252656343772
hsa:7479	20	31	8240	55.1970872475975	0.197087247597452	0	0.7	20	0.08157197	1.099685	0.217027	0.05155405	124.7238	4	0	-21.9401404825345	-0.149252656343772
hsa:81029	20	31	8240	55.1970872475975	0.197087247597452	0	0.7	20	0.08157197	1.099685	0.2161486	0.04668919	124.7238	4	0	-21.9401404825345	-0.149252656343772
hsa:7476	20	31	8240	55.1970872475975	0.197087247597452	0	0.7	20	0.08157197	1.099685	0.2239189	0.05202703	124.7238	4	0	-21.9401404825345	-0.149252656343772
hsa:7474	20	31	8240	55.1970872475975	0.197087247597452	0	0.7	20	0.08157197	1.099685	0.2206081	0.04736486	124.7238	4	0	-21.9401404825345	-0.149252656343772
hsa:7483	20	31	8240	55.1970872475975	0.197087247597452	0	0.7	20	0.08157197	1.099685	0.2221622	0.05310811	124.7238	4	0	-21.9401404825345	-0.149252656343772
hsa:54361	20	31	8240	55.1970872475975	0.197087247597452	0	0.7	20	0.08157197	1.099685	0.2189865	0.05358108	124.7238	4	0	-21.9401404825345	-0.149252656343772
hsa:7473	20	31	8240	55.1970872475975	0.197087247597452	0	0.7	20	0.08157197	1.099685	0.2214865	0.05439189	124.7238	4	0	-21.9401404825345	-0.149252656343772
hsa:89780	20	31	8240	55.1970872475975	0.197087247597452	0	0.7	20	0.08157197	1.099685	0.2152703	0.05614865	124.7238	4	0	-21.9401404825345	-0.149252656343772
hsa:7477	20	31	8240	55.1970872475975	0.197087247597452	0	0.7	20	0.08157197	1.099685	0.2225	0.04804054	124.7238	4	0	-21.9401404825345	-0.149252656343772
hsa:7471	20	31	8240	55.1970872475975	0.197087247597452	0	0.7	20	0.08157197	1.099685	0.2205405	0.06135135	124.7238	4	0	-21.9401404825345	-0.149252656343772
hsa:80326	20	31	8240	55.1970872475975	0.197087247597452	0	0.7	20	0.08157197	1.099685	0.220473	0.05722973	124.7238	4	0	-21.9401404825345	-0.149252656343772
hsa:7475	20	31	8240	55.1970872475975	0.197087247597452	0	0.7	20	0.08157197	1.099685	0.2197973	0.05297297	124.7238	4	0	-21.9401404825345	-0.149252656343772
hsa:7478	20	31	8240	55.1970872475975	0.197087247597452	0	0.7	20	0.08157197	1.099685	0.220473	0.04445946	124.7238	4	0	-21.9401404825345	-0.149252656343772
hsa:7481	20	31	8240	55.1970872475975	0.197087247597452	0	0.7	20	0.08157197	1.099685	0.2218243	0.05783784	124.7238	4	0	-21.9401404825345	-0.149252656343772
hsa:7480	20	31	8240	55.1970872475975	0.197087247597452	0	0.7	20	0.08157197	1.099685	0.2192568	0.05405406	124.7238	4	0	-21.9401404825345	-0.149252656343772
hsa:4040	20	31	9960	55.2385843370537	0.238584337053725	418	0.7	30	0.08157197	1.913629	0.2251351	0.0679054	99.96218	4	0	-19.9556913493223	-0.135753002376342
hsa:2064	6	13	363	26.092970521542	0.0929705215419501	337	0.7	11	0.08157197	2.073071	0.035	0.03094595	157.8906	3	0	-44.332033568507	-0.301578459649707
hsa:6932	4	4	134	6.02721088435374	0.0272108843537415	24.75	0.76825	6	0.0822428	0.589655	0.01567568	0.02277027	33.77119	7	1	-55.4370255122156	-0.377122622532079
hsa:51426	1	1	26	1	0	0	0.73168	1	0.08225366	0.15	0.006756757	0.02033784	180.7578	0	1	-57.5412674107246	-0.391437193270235
hsa:578	1	1	26	1	0	0	0.73168	1	0.08225366	0.15	0.006756757	0.02182432	180.7578	0	1	-57.5412674107246	-0.391437193270235
hsa:581	1	1	26	1	0	0	0.73168	1	0.08225366	0.15	0.006756757	0.02864865	180.7578	0	1	-57.5412674107246	-0.391437193270235
hsa:1647	3	3	44	3.01360544217687	0.0136054421768707	0	0.73168	3	0.08225366	0.3461538	0.01006757	0.02540541	180.7578	0	1	-56.8595374694838	-0.386799574622339
hsa:1026	3	1	52	1	0	0	0.94168	3	0.08358445	0.15	0.006756757	0.02547297	358.5963	0	1	-57.7912669021844	-0.393137870082887
hsa:596	1	1	26	1	0	0	0.71056	1	0.08225366	0.15	0.006756757	0.025	158.9191	0	1	-57.5412674107246	-0.391437193270235
hsa:1495	3	13	36	19.0428247489472	0.0428247489471979	0	0.7	3	0.08157197	1.254909	0.01472973	0.02101351	132.0537	7	0	-49.7129634909147	-0.338183425108263
hsa:6469	1	1	5	1	0	0	0.742	1	0.08223738	0.15	0.006756757	0.01614865	176.4413	1	1	-57.5412674107246	-0.391437193270235
hsa:5243	1	1	5	1	0	0	0.742	1	0.08223738	0.15	0.006756757	0.01864865	176.4413	1	1	-57.5412674107246	-0.391437193270235
hsa:1015	1	1	5	1	0	0	0.742	1	0.08223738	0.15	0.006756757	0.01574324	176.4413	1	1	-57.5412674107246	-0.391437193270235
hsa:4583	1	1	5	1	0	0	0.742	1	0.08223738	0.15	0.006756757	0.01425676	176.4413	1	1	-57.5412674107246	-0.391437193270235
hsa:7048	3	8	38	10.0385487528345	0.0385487528344671	32	0.7	3	0.08157197	1.238819	0.01344595	0.01986486	93.82521	0	0	-51.7905072836028	-0.352316376078931
hsa:4041	20	31	9960	55.2385843370537	0.238584337053725	418	0.7	30	0.08157197	1.913629	0.2262838	0.08425675	99.96218	4	0	-19.9556913493223	-0.135753002376342
hsa:1855	12	13	2285	24.0605334197171	0.0605334197170932	229.6667	1.4	15	0.08822596	0.3585636	0.01797297	0.04628379	356.4051	6	1	-56.0092802011277	-0.381015511572298
hsa:208	3	13	124	35.0679030342296	0.0679030342295648	0	0.7	5	0.08157197	4.150821	0.01959459	0.02371622	1.575662	0	0	-45.3712173636575	-0.308647737167738
hsa:369	5	3	221	7.0187074829932	0.0187074829931973	54.66667	0.9731365	7	0.08360101	0.4469109	0.01506757	0.02925676	47.83678	5	1	-55.9101007119575	-0.380340821169779
