Node name	K-shell	R-shell	K-Coreness	Hierarchical closeness	Closeness	Betweeness	Page rank in	Total degree	Katz	Page rank out	Epidemic SIR	Rumor spreading	Taxi passenger ranking	UW_ModuleID	Robustness	Sum Outside Loyality	Average Outside Loyality
hsa:581	1	1	15	1	0	0	0.93625	2	0.1062261	0.15	0.01098901	0.02571429	170.0313	0	1	-37.5219910293359	-0.416911011437065
hsa:596	1	1	4	2.01111111111111	0.0111111111111111	0	0.7	1	0.1040604	0.21375	0.01340659	0.02241758	23.34341	0	0	-36.5221920861799	-0.405802134290888
hsa:842	1	1	3	2.01111111111111	0.0111111111111111	2	1.12	3	0.1062261	0.2775	0.01362637	0.02692308	86.94946	5	1	-37.0219910431798	-0.411355456035331
hsa:317	1	1	3	3.01666666666667	0.0166666666666667	0	0.7	1	0.1040604	0.2679375	0.01285714	0.02395604	23.34341	5	0	-36.2721922189553	-0.403024357988392
hsa:1030	2	18	30	18.0668518518519	0.0668518518518519	4	0.91	2	0.1051433	0.3041447	0.01637363	0.03736264	139.4822	1	1	-35.5672310351345	-0.395191455945939
hsa:7709	2	18	17	18.0744444444444	0.0744444444444445	2	0.7	2	0.1040604	0.6811759	0.02175824	0.03494506	38.82713	1	0	-32.8233418174288	-0.364703797971431
hsa:4609	3	18	51	18.1018518518519	0.101851851851852	167	0.7	5	0.1040604	2.364212	0.0256044	0.0410989	62.74421	1	0	-29.9235273303503	-0.332483637003893
hsa:4149	1	18	12	18.067037037037	0.067037037037037	0	0.7	1	0.1040604	0.5519146	0.01681319	0.03076923	77.70168	1	0	-33.5153961677709	-0.37239329075301
hsa:578	1	1	14	1	0	0	0.72625	1	0.1051433	0.15	0.01098901	0.03769231	102.3748	0	1	-37.3553243765123	-0.415059159739025
hsa:7157	3	3	43	9.08888888888889	0.0888888888888889	0	0.7	8	0.1040604	1.017981	0.03153846	0.04065934	0.001535968	0	0	-32.5222281490431	-0.361358090544923
hsa:9134	3	18	27	18.0736243386243	0.0736243386243386	19	0.7	3	0.1040604	0.7448596	0.02131868	0.03120879	120.2403	1	0	-33.9410481435337	-0.377122757150375
hsa:898	3	18	27	18.0736243386243	0.0736243386243386	19	0.7	3	0.1040604	0.7448596	0.02087912	0.02967033	120.2402	1	0	-33.9410481435337	-0.377122757150375
hsa:1647	3	3	32	3.02222222222222	0.0222222222222222	0	0.72625	3	0.1051433	0.3461538	0.01626374	0.02967033	102.3748	0	1	-36.6735158293405	-0.407483509214894
hsa:10912	3	3	32	3.02222222222222	0.0222222222222222	0	0.72625	3	0.1051433	0.3461538	0.01637363	0.03087912	102.3748	0	1	-36.6735158293405	-0.407483509214894
hsa:6257	3	4	27	4.03333333333333	0.0333333333333333	0	0.7	3	0.1040604	0.9999424	0.02043956	0.0267033	91	7	0	-33.4322221891709	-0.371469135435232
hsa:5915	3	4	27	4.03333333333333	0.0333333333333333	0	0.7	3	0.1040604	0.9999424	0.02208791	0.03021978	91	7	0	-33.4322221891709	-0.371469135435232
hsa:1164	3	18	30	18.0862962962963	0.0862962962962963	22	0.7	3	0.1040604	1.190525	0.02131868	0.03263736	38.82713	1	0	-31.5314352093738	-0.350349280104154
hsa:1163	3	18	30	18.0862962962963	0.0862962962962963	22	0.7	3	0.1040604	1.190525	0.02142857	0.03549451	38.82713	1	0	-31.5314352093738	-0.350349280104154
hsa:1870	3	18	36	18.0801851851852	0.0801851851851852	0	0.7	3	0.1040604	0.8318646	0.02153846	0.02824176	92.84676	1	0	-32.8855298489893	-0.365394776099881
hsa:1869	3	18	36	18.0801851851852	0.0801851851851852	0	0.7	3	0.1040604	0.8318646	0.02428572	0.03010989	92.84676	1	0	-32.8855298489893	-0.365394776099881
hsa:1019	3	18	52	18.0944444444444	0.0944444444444444	85.5	0.7	3	0.1040604	0.7180746	0.02428572	0.04527473	98.74011	1	0	-32.5622071126337	-0.361802301251486
hsa:1021	3	18	52	18.0944444444444	0.0944444444444444	85.5	0.7	3	0.1040604	0.7180746	0.0221978	0.0367033	98.74011	1	0	-32.5622071126337	-0.361802301251486
hsa:6256	3	4	27	4.03333333333333	0.0333333333333333	0	0.7	3	0.1040604	0.9999424	0.01868132	0.02989011	91	7	0	-33.4322221891709	-0.371469135435232
hsa:6258	3	4	27	4.03333333333333	0.0333333333333333	0	0.7	3	0.1040604	0.9999424	0.01901099	0.02758242	91	7	0	-33.4322221891709	-0.371469135435232
hsa:1027	3	18	27	18.0590343915344	0.0590343915343916	28	1.036	3	0.1051658	0.5720864	0.01824176	0.03	158.8384	1	1	-34.3223617058878	-0.381359574509864
hsa:6502	3	18	27	18.0503968253968	0.0503968253968254	28	1.12	3	0.1062261	0.3120909	0.01450549	0.03054945	101.0925	1	1	-35.5684487302891	-0.395204985892101
hsa:5925	3	18	54	18.1077777777778	0.107777777777778	204	0.7	6	0.1040604	1.485716	0.03307692	0.03626374	96.06978	1	0	-31.1022401284158	-0.345580445871287
hsa:1017	3	18	36	18.0866666666667	0.0866666666666667	95	0.7	3	0.1040604	0.7825623	0.02120879	0.03274725	106.1509	1	0	-33.2287255547614	-0.369208061719571
hsa:598	2	1	186	1	0	0	0.728	2	0.1062261	0.15	0.01098901	0.05175824	133.0743	2	1	-37.5219910293359	-0.416911011437065
hsa:4790	7	18	673	35.2501851851852	0.250185185185185	112	0.7	17	0.1040604	2.425708	0.0854945	0.07010989	8.479533	2	0	-23.5313262492885	-0.26145918054765
hsa:5743	2	1	186	1	0	0	0.728	2	0.1062261	0.15	0.01098901	0.04032967	133.0743	2	1	-37.5219910293359	-0.416911011437065
hsa:5970	7	18	673	35.2501851851852	0.250185185185185	112	0.7	17	0.1040604	2.425708	0.0978022	0.06593407	8.479533	2	0	-23.5313262492885	-0.26145918054765
hsa:5295	6	6	246	6.05555555555556	0.0555555555555556	0	0.735	6	0.1051433	0.5142856	0.03263736	0.04681319	141.9691	4	1	-35.3455579903675	-0.392728422115194
hsa:5293	6	6	246	6.05555555555556	0.0555555555555556	0	0.735	6	0.1051433	0.5142856	0.0321978	0.04472528	141.9691	4	1	-35.3455579903675	-0.392728422115194
hsa:5296	6	6	246	6.05555555555556	0.0555555555555556	0	0.735	6	0.1051433	0.5142856	0.03032967	0.04527473	141.9691	4	1	-35.3455579903675	-0.392728422115194
hsa:8503	6	6	246	6.05555555555556	0.0555555555555556	0	0.735	6	0.1051433	0.5142856	0.03417582	0.03648352	141.9691	4	1	-35.3455579903675	-0.392728422115194
hsa:329	6	5	338	5.04444444444444	0.0444444444444444	0	0.728	6	0.1062261	0.3461538	0.02604396	0.05604396	133.0743	2	1	-36.4929714234426	-0.405477460260473
hsa:79444	6	5	338	5.04444444444444	0.0444444444444444	0	0.728	6	0.1062261	0.3461538	0.02461538	0.04010989	133.0743	2	1	-36.4929714234426	-0.405477460260473
hsa:3674	6	26	653	32.2055555555556	0.205555555555556	32	0.7	6	0.1040604	1.000977	0.1485714	0.05230769	60.36706	4	0	-17.0148242593846	-0.189053602882051
hsa:3655	6	26	653	32.2055555555556	0.205555555555556	32	0.7	6	0.1040604	1.000977	0.1436264	0.0610989	60.36706	4	0	-17.0148242593846	-0.189053602882051
hsa:330	6	5	338	5.04444444444444	0.0444444444444444	0	0.728	6	0.1062261	0.3461538	0.0267033	0.04175824	133.0743	2	1	-36.4929714234426	-0.405477460260473
hsa:112401	6	5	338	5.04444444444444	0.0444444444444444	0	0.728	6	0.1062261	0.3461538	0.02769231	0.06120879	133.0743	2	1	-36.4929714234426	-0.405477460260473
hsa:3673	6	26	653	32.2055555555556	0.205555555555556	32	0.7	6	0.1040604	1.000977	0.1203297	0.06362637	60.36706	4	0	-17.0148242593846	-0.189053602882051
hsa:3675	6	26	653	32.2055555555556	0.205555555555556	32	0.7	6	0.1040604	1.000977	0.140989	0.05483516	60.36706	4	0	-17.0148242593846	-0.189053602882051
hsa:5290	6	6	246	6.05555555555556	0.0555555555555556	0	0.735	6	0.1051433	0.5142856	0.03384615	0.0478022	141.9691	4	1	-35.3455579903675	-0.392728422115194
hsa:5291	6	6	246	6.05555555555556	0.0555555555555556	0	0.735	6	0.1051433	0.5142856	0.03087912	0.04879121	141.9691	4	1	-35.3455579903675	-0.392728422115194
hsa:207	5	18	140	41.096688712522	0.0966887125220459	0	0.7	5	0.1040604	3.709074	0.03769231	0.03758242	0.0245142	6	0	-16.3998042189747	-0.182220046877496
hsa:8517	5	18	164	38.1071031746032	0.107103174603175	35	0.91	6	0.107309	0.7969907	0.02758242	0.04252747	14.87794	6	1	-29.0384695696079	-0.322649661884532
hsa:1147	5	18	164	38.1071031746032	0.107103174603175	35	0.91	6	0.107309	0.7969907	0.02417582	0.03626374	14.87794	6	1	-29.0384695696079	-0.322649661884532
hsa:10000	5	18	140	41.096688712522	0.0966887125220459	0	0.7	5	0.1040604	3.709074	0.04593407	0.03549451	0.0245142	6	0	-16.3998042189747	-0.182220046877496
hsa:3551	5	18	164	38.1071031746032	0.107103174603175	35	0.91	6	0.107309	0.7969907	0.03164835	0.04186813	14.87794	6	1	-29.0384695696079	-0.322649661884532
hsa:208	5	18	140	41.096688712522	0.0966887125220459	0	0.7	5	0.1040604	3.709074	0.03725275	0.03956044	0.0245142	6	0	-16.3998042189747	-0.182220046877496
hsa:7189	7	6	431	6.05555555555556	0.0555555555555556	0	0.728	7	0.1062261	0.3818181	0.03098901	0.04538462	133.0743	2	1	-36.1936702299355	-0.402151891443728
hsa:9618	7	6	431	6.05555555555556	0.0555555555555556	0	0.728	7	0.1062261	0.3818181	0.03241758	0.04747253	133.0743	2	1	-36.1936702299355	-0.402151891443728
hsa:7185	7	6	431	6.05555555555556	0.0555555555555556	0	0.728	7	0.1062261	0.3818181	0.03406594	0.04714286	133.0743	2	1	-36.1936702299355	-0.402151891443728
hsa:7188	7	6	431	6.05555555555556	0.0555555555555556	0	0.728	7	0.1062261	0.3818181	0.03549451	0.04637363	133.0743	2	1	-36.1936702299355	-0.402151891443728
hsa:7186	7	6	431	6.05555555555556	0.0555555555555556	0	0.728	7	0.1062261	0.3818181	0.03208791	0.05010989	133.0743	2	1	-36.1936702299355	-0.402151891443728
hsa:7187	7	6	431	6.05555555555556	0.0555555555555556	0	0.728	7	0.1062261	0.3818181	0.03076923	0.04637363	133.0743	2	1	-36.1936702299355	-0.402151891443728
hsa:5747	6	26	461	32.1981481481482	0.198148148148148	150	0.7	11	0.1040604	1.296164	0.1163736	0.05087912	27.94824	4	0	-18.4104581900222	-0.204560646555802
hsa:3685	6	26	653	32.2055555555556	0.205555555555556	32	0.7	6	0.1040604	1.000977	0.1351648	0.06285714	60.36706	4	0	-17.0148242593846	-0.189053602882051
hsa:1285	19	26	6889	32.2592592592593	0.259259259259259	0	0.7	19	0.1040604	1.095838	0.2306593	0.0843956	86.7816	3	0	-7.19134467476602	-0.0799038297196225
hsa:3913	19	26	6889	32.2592592592593	0.259259259259259	0	0.7	19	0.1040604	1.095838	0.249011	0.08274725	86.7816	3	0	-7.19134467476602	-0.0799038297196225
hsa:3915	19	26	6889	32.2592592592593	0.259259259259259	0	0.7	19	0.1040604	1.095838	0.2536264	0.09131868	86.7816	3	0	-7.19134467476602	-0.0799038297196225
hsa:1287	19	26	6889	32.2592592592593	0.259259259259259	0	0.7	19	0.1040604	1.095838	0.2473626	0.07912088	86.7816	3	0	-7.19134467476602	-0.0799038297196225
hsa:1284	19	26	6889	32.2592592592593	0.259259259259259	0	0.7	19	0.1040604	1.095838	0.2524176	0.08274725	86.7816	3	0	-7.19134467476602	-0.0799038297196225
hsa:284217	19	26	6889	32.2592592592593	0.259259259259259	0	0.7	19	0.1040604	1.095838	0.2479121	0.07967033	86.7816	3	0	-7.19134467476602	-0.0799038297196225
hsa:3909	19	26	6889	32.2592592592593	0.259259259259259	0	0.7	19	0.1040604	1.095838	0.2528571	0.08131868	86.7816	3	0	-7.19134467476602	-0.0799038297196225
hsa:1286	19	26	6889	32.2592592592593	0.259259259259259	0	0.7	19	0.1040604	1.095838	0.2348352	0.08230769	86.7816	3	0	-7.19134467476602	-0.0799038297196225
hsa:3908	19	26	6889	32.2592592592593	0.259259259259259	0	0.7	19	0.1040604	1.095838	0.2484615	0.07582418	86.7816	3	0	-7.19134467476602	-0.0799038297196225
hsa:2335	19	26	6889	32.2592592592593	0.259259259259259	0	0.7	19	0.1040604	1.095838	0.2471429	0.08791209	86.7816	3	0	-7.19134467476602	-0.0799038297196225
hsa:10319	19	26	6889	32.2592592592593	0.259259259259259	0	0.7	19	0.1040604	1.095838	0.241978	0.06813187	86.7816	3	0	-7.19134467476602	-0.0799038297196224
hsa:3911	19	26	6889	32.2592592592593	0.259259259259259	0	0.7	19	0.1040604	1.095838	0.2385714	0.08076923	86.7816	3	0	-7.19134467476602	-0.0799038297196225
hsa:3914	19	26	6889	32.2592592592593	0.259259259259259	0	0.7	19	0.1040604	1.095838	0.233956	0.08483516	86.7816	3	0	-7.19134467476602	-0.0799038297196225
hsa:3918	19	26	6889	32.2592592592593	0.259259259259259	0	0.7	19	0.1040604	1.095838	0.2505495	0.08604395	86.7816	3	0	-7.19134467476602	-0.0799038297196225
hsa:3912	19	26	6889	32.2592592592593	0.259259259259259	0	0.7	19	0.1040604	1.095838	0.237033	0.06637362	86.7816	3	0	-7.19134467476602	-0.0799038297196225
hsa:22798	19	26	6889	32.2592592592593	0.259259259259259	0	0.7	19	0.1040604	1.095838	0.241978	0.08285714	86.7816	3	0	-7.19134467476602	-0.0799038297196225
hsa:1288	19	26	6889	32.2592592592593	0.259259259259259	0	0.7	19	0.1040604	1.095838	0.2524176	0.08384615	86.7816	3	0	-7.19134467476602	-0.0799038297196225
hsa:1282	19	26	6889	32.2592592592593	0.259259259259259	0	0.7	19	0.1040604	1.095838	0.2512088	0.08428571	86.7816	3	0	-7.19134467476602	-0.0799038297196224
hsa:3910	19	26	6889	32.2592592592593	0.259259259259259	0	0.7	19	0.1040604	1.095838	0.2468132	0.08516484	86.7816	3	0	-7.19134467476602	-0.0799038297196225
hsa:3688	19	26	7104	32.2944444444444	0.294444444444444	342	0.7	24	0.1040604	1.790471	0.2526374	0.1017582	81.55068	3	0	-6.17852176757017	-0.0686502418618908
hsa:51426	1	1	14	1	0	0	0.72625	1	0.1051433	0.15	0.01098901	0.03571429	102.3748	0	1	-37.3553243765123	-0.415059159739025
hsa:1643	1	1	14	1	0	0	0.72625	1	0.1051433	0.15	0.01098901	0.03593406	102.3748	0	1	-37.3553243765123	-0.415059159739025
hsa:4616	3	3	32	3.02222222222222	0.0222222222222222	0	0.72625	3	0.1051433	0.3461538	0.01626374	0.03241758	102.3748	0	1	-36.6735158293405	-0.407483509214894
hsa:1026	1	1	14	1	0	0	0.72625	1	0.1051433	0.15	0.01098901	0.02505494	102.3748	0	1	-37.3553243765123	-0.415059159739025
hsa:595	3	18	221	18.0990740740741	0.0990740740740741	280	0.728	6	0.1062261	1.088084	0.02725275	0.05461539	105.0121	1	1	-30.1743841234681	-0.335270934705201
hsa:4843	2	1	186	1	0	0	0.728	2	0.1062261	0.15	0.01098901	0.05241758	133.0743	2	1	-37.5219910293359	-0.416911011437065
hsa:331	6	5	338	5.04444444444444	0.0444444444444444	0	0.728	6	0.1062261	0.3461538	0.02461538	0.04120879	133.0743	2	1	-36.4929714234426	-0.405477460260473
hsa:1871	3	18	36	18.0801851851852	0.0801851851851852	0	0.7	3	0.1040604	0.8318646	0.01967033	0.02923077	92.84676	1	0	-32.8855298489893	-0.365394776099881
hsa:4792	5	18	276	35.1509259259259	0.150925925925926	204	1.519	5	0.1074104	2.21185	0.04769231	0.05164835	126.219	6	1	-20.96756321693	-0.232972924632556
hsa:54205	1	1	3	3.01666666666667	0.0166666666666667	0	0.7	1	0.1040604	0.2679375	0.0132967	0.0254945	23.34341	5	0	-36.2721922189553	-0.403024357988392
hsa:836	1	1	3	1	0	0	1.036	1	0.1051658	0.15	0.01098901	0.02692308	230.3638	5	1	-37.3553243765123	-0.415059159739025
